FileName	bout_duration(ms)	num_syllables	num_syllable_per_bout_duration(1/ms)	largest_syllable_duration(ms)	smallest_syllable_duration(ms)	avg_syllable_duration(ms)	std_syllable_duration(ms)	All_Syllables_syllable_duration(ms)	onsets	offsets	ms_per_pixel	hz_per_pixel	onsets_rescaled	offsets_rescaled	largest_silence_duration(ms)	smallest_silence_duration(ms)	avg_silence_duration(ms)	std_silence_duration(ms)	All_Syllables_silence_duration(ms)	syll_correlation_threshold	num_unique_syllables	num_syllables_per_num_unique	syllable_pattern	sequential_repetition	syllable_stereotypy	mean_syllable_stereotypy	std_syllable_stereotypy	avg_sylls_upper_freq(Hz)	avg_sylls_lower_freq(Hz)	max_sylls_freq(Hz)	min_sylls_freq(Hz)	overall_sylls_freq_range(Hz)	All_Syllables_sylls_Upper_Freq_(Hz)	All_Syllables_sylls_Lower_Freq_(Hz)	largest_sylls_freq_modulation(Hz)	smallest_sylls_freq_modulation(Hz)	avg_sylls_freq_modulation(Hz)	std_sylls_freq_modulation(Hz)	All_Syllables_sylls_freq_modulation(Hz)	note_size_threshold	num_notes	num_notes_per_syll	largest_note_duration(ms)	smallest_note_duration(ms)	avg_note_duration(ms)	std_note_duration(ms)	All_Syllables_note_duration(ms)	avg_notes_upper_freq(Hz)	avg_notes_lower_freq(Hz)	max_notes_freq(Hz)	min_notes_freq(Hz)	overall_notes_freq_range(Hz)	All_Syllables_notes_Upper_Freq_(Hz)	All_Syllables_notes_Lower_Freq_(Hz)	largest_notes_freq_modulation(Hz)	smallest_notes_freq_modulation(Hz)	avg_notes_freq_modulation(Hz)	std_notes_freq_modulation(Hz)	All_Syllables_notes_freq_modulation(Hz)	num_flat	num_upsweeps	num_downsweeps	num_parabolas	note_lengths	note_onsets	note_offsets	note_onsets_unrescaled	note_offsets_unrescaled	note_shapes	note_sizes
SegSyllsOutput_Luscinia-megarhynchos-775292_F1_bout1.gzip	3082.8571428571427	17	0.00551436515291937	384.1269841269841	10.793650793650793	107.37628384687207	130.30936547620377	"[376.82539683  37.77777778 374.6031746   10.79365079 384.12698413
  47.3015873   60.31746032  36.50793651  63.49206349  43.49206349
  64.76190476  38.41269841  63.17460317  48.57142857  60.31746032
  36.50793651  78.41269841]"	"[ 161 1718 2186 3909 4328 6171 6481 6790 7109 7388 7726 8035 8348 8660
 9003 9302 9625]"	"[1348 1837 3366 3943 5538 6320 6671 6905 7309 7525 7930 8156 8547 8813
 9193 9417 9872]"	0.31746031746031744	42.98245614035088	"[ 161. 1718. 2186. 3909. 4328. 6171. 6481. 6790. 7109. 7388. 7726. 8035.
 8348. 8660. 9003. 9302. 9625.]"	"[1348. 1837. 3366. 3943. 5538. 6320. 6671. 6905. 7309. 7525. 7930. 8156.
 8547. 8813. 9193. 9417. 9872.]"	200.95238095238093	25.07936507936508	78.59126984126983	51.977728916825235	"[117.46031746 110.79365079 172.38095238 122.22222222 200.95238095
  51.11111111  37.77777778  64.76190476  25.07936508  63.80952381
  33.33333333  60.95238095  35.87301587  60.31746032  34.6031746
  66.03174603]"	47.3	8	2.125	[0, 1, 0, 1, 0, 5, 6, 7, 6, 9, 6, 9, 6, 13, 6, 9, 16]	0.0	[79.80228093 60.91205212 80.41569592 64.92874544]	71.51469360123852	10.061521846205624	4991.021671826626	2128.8957688338483	9155.263157894737	1504.3859649122808	7693.859649122807	"[3911.40350877 7178.07017544 3997.36842105 3352.63157895 3911.40350877
 2020.1754386  9069.29824561 1805.26315789 8983.33333333 1848.24561404
 9026.31578947 1848.24561404 9155.26315789 1891.22807018 9155.26315789
 1848.24561404 5845.61403509]"	"[3309.64912281 2020.1754386  3481.57894737 1934.21052632 3395.61403509
 1461.40350877 2020.1754386  1504.38596491 2020.1754386  1461.40350877
 2063.15789474 1504.38596491 1977.19298246 1461.40350877 2063.15789474
 1461.40350877 2321.05263158]"	7178.070175438596	300.8771929824561	2905.108359133127	3040.8401341507265	"[ 601.75438596 5157.89473684  515.78947368 1418.42105263  515.78947368
  558.77192982 7049.12280702  300.87719298 6963.15789474  386.84210526
 6963.15789474  343.85964912 7178.07017544  429.8245614  7092.10526316
  386.84210526 3524.56140351]"	25	51	3.0	374.6031746031746	2.5396825396825395	34.628073451602866	85.14512604571922	"[ 15.23809524  12.6984127   13.33333333  15.55555556  17.46031746
  22.22222222  63.49206349 374.6031746  348.88888889 374.28571429
   5.3968254    9.20634921   3.80952381   3.49206349   4.44444444
   9.20634921  46.66666667  10.79365079  60.31746032  52.38095238
  48.25396825  54.28571429   7.3015873    6.98412698   3.17460317
   4.12698413   7.3015873    2.53968254   5.71428571   6.66666667
   8.25396825  18.0952381   12.38095238   8.25396825  12.6984127
   8.88888889   6.34920635   9.52380952   5.71428571   4.76190476
   4.76190476   6.66666667   5.71428571   6.03174603   6.34920635
   6.34920635   6.34920635   4.76190476   4.76190476   5.3968254
   4.12698413]"	3394.771241830066	2813.243894048847	9155.263157894737	1504.3859649122808	7693.859649122807	"[9155.26315789 9155.26315789 9069.29824561 9026.31578947 8983.33333333
 7178.07017544 5845.61403509 3997.36842105 3911.40350877 3911.40350877
 3782.45614035 3739.47368421 3696.49122807 3653.50877193 3481.57894737
 3438.59649123 3395.61403509 3352.63157895 3352.63157895 3309.64912281
 3266.66666667 3266.66666667 3223.68421053 3051.75438596 3008.77192982
 3008.77192982 3008.77192982 2836.84210526 2450.         2020.1754386
 2020.1754386  2020.1754386  1891.22807018 1891.22807018 1848.24561404
 1848.24561404 1848.24561404 1848.24561404 1848.24561404 1805.26315789
 1805.26315789 1805.26315789 1805.26315789 1805.26315789 1805.26315789
 1805.26315789 1805.26315789 1805.26315789 1762.28070175 1762.28070175
 1719.29824561]"	"[7736.84210526 7650.87719298 7607.89473684 7650.87719298 7693.85964912
 7049.12280702 2321.05263158 3481.57894737 3309.64912281 3395.61403509
 3610.52631579 3524.56140351 3438.59649123 3352.63157895 3223.68421053
 2664.9122807  2063.15789474 1934.21052632 2020.1754386  1977.19298246
 2020.1754386  2063.15789474 2965.78947368 2664.9122807  2707.89473684
 2621.92982456 2664.9122807  2664.9122807  2020.1754386  1504.38596491
 1504.38596491 1461.40350877 1461.40350877 1461.40350877 1504.38596491
 1461.40350877 1504.38596491 1461.40350877 1547.36842105 1547.36842105
 1590.35087719 1504.38596491 1547.36842105 1547.36842105 1547.36842105
 1461.40350877 1504.38596491 1547.36842105 1504.38596491 1504.38596491
 1504.38596491]"	3524.561403508772	128.94736842105263	624.5098039215687	602.20571310101	"[1418.42105263 1504.38596491 1461.40350877 1375.43859649 1289.47368421
  128.94736842 3524.56140351  515.78947368  601.75438596  515.78947368
  171.92982456  214.9122807   257.89473684  300.87719298  257.89473684
  773.68421053 1332.45614035 1418.42105263 1332.45614035 1332.45614035
 1246.49122807 1203.50877193  257.89473684  386.84210526  300.87719298
  386.84210526  343.85964912  171.92982456  429.8245614   515.78947368
  515.78947368  558.77192982  429.8245614   429.8245614   343.85964912
  386.84210526  343.85964912  386.84210526  300.87719298  257.89473684
  214.9122807   300.87719298  257.89473684  257.89473684  257.89473684
  343.85964912  300.87719298  257.89473684  257.89473684  257.89473684
  214.9122807 ]"	6	16	7	22	"[ 15.23809524  12.6984127   13.33333333  15.55555556  17.46031746
  22.22222222  63.49206349 374.6031746  348.88888889 374.28571429
   5.3968254    9.20634921   3.80952381   3.49206349   4.44444444
   9.20634921  46.66666667  10.79365079  60.31746032  52.38095238
  48.25396825  54.28571429   7.3015873    6.98412698   3.17460317
   4.12698413   7.3015873    2.53968254   5.71428571   6.66666667
   8.25396825  18.0952381   12.38095238   8.25396825  12.6984127
   8.88888889   6.34920635   9.52380952   5.71428571   4.76190476
   4.76190476   6.66666667   5.71428571   6.03174603   6.34920635
   6.34920635   6.34920635   4.76190476   4.76190476   5.3968254
   4.12698413]"	"[8406. 9055. 6537. 7787. 7165. 1718. 9625. 2186.  194. 4328. 3404. 5509.
 1305.  161. 9858. 1773. 9003. 3909. 6481. 8348. 7109. 7726. 9160. 8525.
 7271. 7296. 7907. 9160. 1779. 6197. 6228. 6263. 8660. 8710. 7388. 7434.
 8136. 8748. 9367. 6820. 6890. 7467. 8035. 8068. 8103. 9302. 9333. 9402.
 6171. 7508. 6790.]"	"[8454. 9095. 6579. 7836. 7220. 1788. 9825. 3366. 1293. 5507. 3421. 5538.
 1317.  172. 9872. 1802. 9150. 3943. 6671. 8513. 7261. 7897. 9183. 8547.
 7281. 7309. 7930. 9168. 1797. 6218. 6254. 6320. 8699. 8736. 7428. 7462.
 8156. 8778. 9385. 6835. 6905. 7488. 8053. 8087. 8123. 9322. 9353. 9417.
 6186. 7525. 6803.]"	"[8406 9055 6537 7787 7165 1718 9625 2186  194 4328 3404 5509 1305  161
 9858 1773 9003 3909 6481 8348 7109 7726 9160 8525 7271 7296 7907 9160
 1779 6197 6228 6263 8660 8710 7388 7434 8136 8748 9367 6820 6890 7467
 8035 8068 8103 9302 9333 9402 6171 7508 6790]"	"[8454 9095 6579 7836 7220 1788 9825 3366 1293 5507 3421 5538 1317  172
 9872 1802 9150 3943 6671 8513 7261 7897 9183 8547 7281 7309 7930 9168
 1797 6218 6254 6320 8699 8736 7428 7462 8156 8778 9385 6835 6905 7488
 8053 8087 8123 9322 9353 9417 6186 7525 6803]"	"['upsweep' 'upsweep' 'upsweep' 'upsweep' 'upsweep' 'flat' 'flat' 'flat'
 'flat' 'flat' 'downsweep' 'upsweep' 'parabola' 'upsweep3' 'upsweep'
 'parabola' 'upsweep' 'downsweep' 'upsweep' 'upsweep' 'upsweep' 'upsweep'
 'upsweep' 'downsweep2' 'downsweep3' 'downsweep2' 'parabola' 'upsweep2'
 'parabola' 'parabola' 'parabola' 'downsweep' 'downsweep' 'parabola'
 'upsweep' 'parabola' 'parabola' 'flat' 'parabola' 'parabola' 'parabola'
 'parabola' 'parabola' 'parabola' 'parabola' 'parabola' 'parabola'
 'parabola' 'parabola' 'parabola' 'parabola']"	"[ 1584  1400  1428  1568  1650   210 16400 14160 15386 14148    68   145
    72    77    84   522  4557  1122  5890  5115  4408  4788   138   198
    70   117   184    32   180   252   312   741   390   260   320   252
   160   270   126    90    75   147   108   114   120   160   140    90
    90   102    65]"
SegSyllsOutput_Luscinia-megarhynchos-775292_F1_bout2.gzip	3828.8888888888887	24	0.0062681369704004645	297.77777777777777	33.01587301587301	93.96825396825398	47.74512869357296	"[117.77777778 297.77777778  33.01587302 127.3015873   51.74603175
  96.50793651 100.63492063 101.26984127 109.52380952  81.9047619
  87.3015873   80.63492063  78.73015873  82.85714286  82.85714286
  71.74603175  88.25396825  59.36507937  81.9047619   79.36507937
  84.76190476  92.6984127   75.23809524  92.06349206]"	"[  505  1267  2460  2705  3280  3659  4136  4656  5158  5722  6208  6711
  7178  7726  8164  8667  9101  9630 10007 10514 10997 11464 12007 12276]"	"[  876  2205  2564  3106  3443  3963  4453  4975  5503  5980  6483  6965
  7426  7987  8425  8893  9379  9817 10265 10764 11264 11756 12244 12566]"	0.31746031746031744	42.98245614035088	"[  505.  1267.  2460.  2705.  3280.  3659.  4136.  4656.  5158.  5722.
  6208.  6711.  7178.  7726.  8164.  8667.  9101.  9630. 10007. 10514.
 10997. 11464. 12007. 12276.]"	"[  876.  2205.  2564.  3106.  3443.  3963.  4453.  4975.  5503.  5980.
  6483.  6965.  7426.  7987.  8425.  8893.  9379.  9817. 10265. 10764.
 11264. 11756. 12244. 12566.]"	124.12698412698413	10.158730158730158	68.41959972394756	20.403378392761883	"[124.12698413  80.95238095  44.76190476  55.23809524  68.57142857
  54.92063492  64.44444444  58.0952381   69.52380952  72.38095238
  72.38095238  67.61904762  95.23809524  56.19047619  76.82539683
  66.03174603  79.68253968  60.31746032  79.04761905  73.96825397
  63.49206349  79.68253968  10.15873016]"	47.3	10	2.4	[0, 1, 2, 3, 4, 5, 6, 5, 6, 9, 9, 9, 9, 9, 9, 9, 9, 9, 18, 9, 9, 9, 22, 22]	0.4782608695652174	[62.92062123 77.88808664 47.58255981 79.23423423]	66.90637547880395	14.853396586053233	9176.754385964912	2487.609649122807	13668.421052631578	1418.421052631579	12292.982456140351	"[ 4083.33333333  3653.50877193  6963.15789474  8467.54385965
  3481.57894737  6877.19298246  9284.21052632  6877.19298246
  3395.61403509 13668.42105263 13668.42105263 13668.42105263
 13668.42105263 13109.64912281 13668.42105263 11519.29824561
 12164.03508772  4470.1754386  13668.42105263 12164.03508772
 12250.         13668.42105263  2922.80701754  2879.8245614 ]"	"[2578.94736842 1848.24561404 3180.70175439 1719.29824561 1805.26315789
 4255.26315789 1762.28070175 3610.52631579 1891.22807018 2578.94736842
 2450.         2535.96491228 2407.01754386 2450.         2621.92982456
 2578.94736842 2578.94736842 2578.94736842 2578.94736842 2707.89473684
 2578.94736842 2578.94736842 1418.42105263 1375.43859649]"	11261.40350877193	1504.3859649122808	6732.127192982455	4174.926141181613	"[ 1504.38596491  1805.26315789  3782.45614035  6748.24561404
  1676.31578947  2621.92982456  7521.92982456  3266.66666667
  1504.38596491 11089.47368421 11218.42105263 11132.45614035
 11261.40350877 10659.64912281 11046.49122807  8940.35087719
  9585.0877193   1891.22807018 11089.47368421  9456.14035088
  9671.05263158 11089.47368421  1504.38596491  1504.38596491]"	25	178	7.416666666666667	101.58730158730158	1.5873015873015872	11.863741751382202	15.553515302537692	"[  2.85714286   2.22222222   5.71428571   2.22222222   3.17460317
   2.85714286   3.49206349   2.22222222   3.17460317   2.53968254
   7.93650794   4.12698413   3.17460317   3.49206349   3.49206349
   3.49206349   2.85714286   2.53968254   2.22222222   5.07936508
   2.22222222   6.66666667   3.17460317   1.9047619    1.9047619
   2.22222222   2.22222222   2.22222222   3.80952381   1.58730159
   3.17460317   3.17460317   2.53968254   2.53968254   2.53968254
   3.17460317   2.53968254   2.22222222   2.22222222   1.9047619
   6.98412698  12.38095238  20.63492063  26.34920635  26.03174603
  25.3968254    9.52380952   6.66666667  13.33333333   2.22222222
  14.28571429   1.58730159   1.9047619    3.17460317   2.22222222
  30.47619048   4.76190476   5.71428571   4.44444444  22.22222222
   9.20634921   2.53968254  29.52380952  63.80952381  11.42857143
   5.07936508  21.26984127  18.73015873  39.04761905  22.22222222
   2.53968254  23.49206349  20.31746032   5.71428571  20.95238095
   3.80952381   6.34920635   6.03174603   5.71428571  17.14285714
  21.9047619    2.22222222   3.17460317   3.80952381   9.52380952
   8.88888889   3.49206349   4.12698413   1.9047619    3.80952381
   4.76190476   4.44444444   2.85714286   4.44444444   8.88888889
   5.07936508  10.47619048   5.3968254    4.12698413   5.07936508
   4.76190476   2.85714286   2.22222222   2.22222222   1.58730159
   2.53968254   8.88888889   4.76190476   6.98412698   3.49206349
   3.17460317   2.85714286   5.3968254    2.85714286  32.6984127
  46.66666667  40.95238095  30.47619048  29.52380952  81.26984127
  31.42857143  42.85714286  42.53968254   3.80952381  45.71428571
  40.31746032  31.42857143  38.41269841   3.80952381   2.22222222
  39.68253968   2.22222222   6.66666667   3.17460317  44.44444444
   2.53968254   4.12698413 101.58730159  38.0952381    4.76190476
   2.85714286   6.98412698   2.22222222   5.3968254    6.98412698
   7.93650794  47.61904762   3.49206349  18.0952381    7.3015873
   9.20634921   6.66666667   6.66666667   3.49206349  27.3015873
   3.49206349   2.85714286   6.66666667   3.80952381   6.34920635
   3.17460317   5.71428571   6.34920635   2.22222222   4.76190476
  43.80952381  40.95238095   7.61904762   7.93650794   5.71428571
  17.46031746  17.77777778   5.71428571  41.58730159   6.34920635
   2.53968254  41.26984127   2.85714286]"	6071.634141533608	5371.599645180366	13668.421052631578	1418.421052631579	12292.982456140351	"[13668.42105263 13668.42105263 13668.42105263 13152.63157895
 13152.63157895 13109.64912281 12679.8245614  12636.84210526
 12421.92982456 12250.         12207.01754386 12164.03508772
 12164.03508772 12164.03508772 11734.21052632 11734.21052632
 11734.21052632 11691.22807018 11691.22807018 11691.22807018
 11519.29824561 11519.29824561 11433.33333333 11433.33333333
 11433.33333333 11390.35087719 11046.49122807 10917.54385965
  9413.15789474  9370.1754386   9370.1754386   9370.1754386
  9284.21052632  8940.35087719  8940.35087719  8467.54385965
  8123.68421053  8080.70175439  8080.70175439  8037.71929825
  7564.9122807   7521.92982456  6963.15789474  6920.1754386
  6877.19298246  6877.19298246  6877.19298246  6834.21052632
  6705.26315789  6662.28070175  6619.29824561  6576.31578947
  6576.31578947  6490.35087719  6490.35087719  6447.36842105
  6404.38596491  6361.40350877  6361.40350877  6361.40350877
  6275.43859649  6146.49122807  6060.52631579  6060.52631579
  6017.54385965  5974.56140351  5931.57894737  5888.59649123
  5845.61403509  5845.61403509  5845.61403509  5802.63157895
  5802.63157895  5759.64912281  5759.64912281  5716.66666667
  5716.66666667  5716.66666667  5673.68421053  5673.68421053
  5673.68421053  5630.70175439  5630.70175439  5501.75438596
  5501.75438596  5415.78947368  5372.80701754  5372.80701754
  5329.8245614   5243.85964912  5200.87719298  5114.9122807
  5028.94736842  5028.94736842  4900.          4857.01754386
  4857.01754386  4857.01754386  4814.03508772  4814.03508772
  4814.03508772  4685.0877193   4642.10526316  4599.12280702
  4556.14035088  4513.15789474  4470.1754386   4470.1754386
  4427.19298246  4384.21052632  4384.21052632  4384.21052632
  4341.22807018  4212.28070175  4169.29824561  4169.29824561
  4169.29824561  4126.31578947  4126.31578947  4083.33333333
  4040.35087719  4040.35087719  4040.35087719  4040.35087719
  4040.35087719  3997.36842105  3997.36842105  3954.38596491
  3911.40350877  3868.42105263  3868.42105263  3825.43859649
  3653.50877193  3610.52631579  3524.56140351  3524.56140351
  3524.56140351  3481.57894737  3481.57894737  3481.57894737
  3481.57894737  3481.57894737  3481.57894737  3438.59649123
  3438.59649123  3395.61403509  3395.61403509  3352.63157895
  3352.63157895  3309.64912281  3309.64912281  3309.64912281
  3266.66666667  3266.66666667  3223.68421053  3223.68421053
  3223.68421053  3137.71929825  3094.73684211  3051.75438596
  3008.77192982  3008.77192982  3008.77192982  2922.80701754
  2922.80701754  2922.80701754  2879.8245614   2836.84210526
  2750.87719298  2664.9122807   2621.92982456  2621.92982456
  2535.96491228  2535.96491228  2535.96491228  2492.98245614
  2492.98245614  2407.01754386]"	"[13539.47368421 13324.56140351 13238.59649123 12851.75438596
 12765.78947368 12765.78947368 12421.92982456 12464.9122807
 11906.14035088 11906.14035088 11605.26315789 11863.15789474
 11863.15789474 11906.14035088 11175.43859649 11175.43859649
 11218.42105263 11175.43859649 11218.42105263 11175.43859649
 11218.42105263 10745.61403509 10874.56140351 11089.47368421
 11132.45614035 11089.47368421 10831.57894737 10616.66666667
  8252.63157895  9112.28070175  8596.49122807  8338.59649123
  8768.42105263  8295.61403509  8596.49122807  8209.64912281
  7736.84210526  7779.8245614   7822.80701754  7779.8245614
  6877.19298246  7221.05263158  4298.24561404  4255.26315789
  5845.61403509  5802.63157895  6619.29824561  5974.56140351
  4942.98245614  6447.36842105  5888.59649123  6232.45614035
  6232.45614035  6060.52631579  6103.50877193  4255.26315789
  5974.56140351  5931.57894737  5974.56140351  4298.24561404
  5673.68421053  5845.61403509  3180.70175439  4083.33333333
  5501.75438596  5544.73684211  4126.31578947  4126.31578947
  4255.26315789  4169.29824561  5630.70175439  4169.29824561
  4040.35087719  4126.31578947  4126.31578947  5157.89473684
  4126.31578947  4126.31578947  4126.31578947  4169.29824561
  4083.33333333  5458.77192982  5028.94736842  5200.87719298
  4942.98245614  4728.07017544  5028.94736842  5028.94736842
  5071.92982456  5071.92982456  4942.98245614  4942.98245614
  4857.01754386  4771.05263158  4255.26315789  4212.28070175
  4384.21052632  4298.24561404  4642.10526316  4255.26315789
  4341.22807018  4341.22807018  4298.24561404  4298.24561404
  4298.24561404  4298.24561404  4212.28070175  4212.28070175
  4212.28070175  4255.26315789  4255.26315789  4255.26315789
  3997.36842105  3868.42105263  2450.          2707.89473684
  2578.94736842  2535.96491228  2621.92982456  3137.71929825
  2578.94736842  2578.94736842  2578.94736842  3610.52631579
  2578.94736842  2578.94736842  2407.01754386  2450.
  3352.63157895  3610.52631579  2578.94736842  3567.54385965
  2020.1754386   3309.64912281  1762.28070175  3352.63157895
  3309.64912281  1719.29824561  1805.26315789  3266.66666667
  3352.63157895  3180.70175439  3309.64912281  1977.19298246
  1977.19298246  1934.21052632  1891.22807018  3051.75438596
  2664.9122807   1891.22807018  2535.96491228  3094.73684211
  1848.24561404  3094.73684211  2578.94736842  2836.84210526
  3051.75438596  2578.94736842  2364.03508772  2063.15789474
  2836.84210526  1977.19298246  2020.1754386   2578.94736842
  2063.15789474  1891.22807018  1762.28070175  2020.1754386
  2407.01754386  2364.03508772  1418.42105263  1375.43859649
  2321.05263158  1977.19298246  2321.05263158  2321.05263158
  1977.19298246  2192.10526316]"	2879.8245614035086	128.94736842105263	743.0169524935936	605.4410724388819	"[ 128.94736842  343.85964912  429.8245614   300.87719298  386.84210526
  343.85964912  257.89473684  171.92982456  515.78947368  343.85964912
  601.75438596  300.87719298  300.87719298  257.89473684  558.77192982
  558.77192982  515.78947368  515.78947368  472.80701754  515.78947368
  300.87719298  773.68421053  558.77192982  343.85964912  300.87719298
  300.87719298  214.9122807   300.87719298 1160.52631579  257.89473684
  773.68421053 1031.57894737  515.78947368  644.73684211  343.85964912
  257.89473684  386.84210526  300.87719298  257.89473684  257.89473684
  687.71929825  300.87719298 2664.9122807  2664.9122807  1031.57894737
 1074.56140351  257.89473684  859.64912281 1762.28070175  214.9122807
  730.70175439  343.85964912  343.85964912  429.8245614   386.84210526
 2192.10526316  429.8245614   429.8245614   386.84210526 2063.15789474
  601.75438596  300.87719298 2879.8245614  1977.19298246  515.78947368
  429.8245614  1805.26315789 1762.28070175 1590.35087719 1676.31578947
  214.9122807  1633.33333333 1762.28070175 1633.33333333 1633.33333333
  558.77192982 1590.35087719 1590.35087719 1547.36842105 1504.38596491
 1590.35087719  171.92982456  601.75438596  300.87719298  558.77192982
  687.71929825  343.85964912  343.85964912  257.89473684  171.92982456
  257.89473684  171.92982456  171.92982456  257.89473684  644.73684211
  644.73684211  472.80701754  558.77192982  171.92982456  558.77192982
  472.80701754  343.85964912  343.85964912  300.87719298  257.89473684
  214.9122807   257.89473684  257.89473684  214.9122807   128.94736842
  128.94736842  128.94736842  343.85964912  343.85964912 1719.29824561
 1461.40350877 1590.35087719 1590.35087719 1504.38596491  945.61403509
 1461.40350877 1461.40350877 1461.40350877  429.8245614  1461.40350877
 1418.42105263 1590.35087719 1504.38596491  558.77192982  257.89473684
 1289.47368421  257.89473684 1633.33333333  300.87719298 1762.28070175
  171.92982456  214.9122807  1762.28070175 1676.31578947  214.9122807
  128.94736842  300.87719298  171.92982456 1461.40350877 1461.40350877
 1461.40350877 1504.38596491  300.87719298  687.71929825 1418.42105263
  773.68421053  214.9122807  1418.42105263  171.92982456  644.73684211
  386.84210526  171.92982456  558.77192982  730.70175439  988.59649123
  171.92982456 1031.57894737  988.59649123  343.85964912  859.64912281
 1031.57894737 1117.54385965  816.66666667  343.85964912  300.87719298
 1203.50877193 1246.49122807  214.9122807   558.77192982  214.9122807
  171.92982456  515.78947368  214.9122807 ]"	23	47	59	49	"[  2.85714286   2.22222222   5.71428571   2.22222222   3.17460317
   2.85714286   3.49206349   2.22222222   3.17460317   2.53968254
   7.93650794   4.12698413   3.17460317   3.49206349   3.49206349
   3.49206349   2.85714286   2.53968254   2.22222222   5.07936508
   2.22222222   6.66666667   3.17460317   1.9047619    1.9047619
   2.22222222   2.22222222   2.22222222   3.80952381   1.58730159
   3.17460317   3.17460317   2.53968254   2.53968254   2.53968254
   3.17460317   2.53968254   2.22222222   2.22222222   1.9047619
   6.98412698  12.38095238  20.63492063  26.34920635  26.03174603
  25.3968254    9.52380952   6.66666667  13.33333333   2.22222222
  14.28571429   1.58730159   1.9047619    3.17460317   2.22222222
  30.47619048   4.76190476   5.71428571   4.44444444  22.22222222
   9.20634921   2.53968254  29.52380952  63.80952381  11.42857143
   5.07936508  21.26984127  18.73015873  39.04761905  22.22222222
   2.53968254  23.49206349  20.31746032   5.71428571  20.95238095
   3.80952381   6.34920635   6.03174603   5.71428571  17.14285714
  21.9047619    2.22222222   3.17460317   3.80952381   9.52380952
   8.88888889   3.49206349   4.12698413   1.9047619    3.80952381
   4.76190476   4.44444444   2.85714286   4.44444444   8.88888889
   5.07936508  10.47619048   5.3968254    4.12698413   5.07936508
   4.76190476   2.85714286   2.22222222   2.22222222   1.58730159
   2.53968254   8.88888889   4.76190476   6.98412698   3.49206349
   3.17460317   2.85714286   5.3968254    2.85714286  32.6984127
  46.66666667  40.95238095  30.47619048  29.52380952  81.26984127
  31.42857143  42.85714286  42.53968254   3.80952381  45.71428571
  40.31746032  31.42857143  38.41269841   3.80952381   2.22222222
  39.68253968   2.22222222   6.66666667   3.17460317  44.44444444
   2.53968254   4.12698413 101.58730159  38.0952381    4.76190476
   2.85714286   6.98412698   2.22222222   5.3968254    6.98412698
   7.93650794  47.61904762   3.49206349  18.0952381    7.3015873
   9.20634921   6.66666667   6.66666667   3.49206349  27.3015873
   3.49206349   2.85714286   6.66666667   3.80952381   6.34920635
   3.17460317   5.71428571   6.34920635   2.22222222   4.76190476
  43.80952381  40.95238095   7.61904762   7.93650794   5.71428571
  17.46031746  17.77777778   5.71428571  41.58730159   6.34920635
   2.53968254  41.26984127   2.85714286]"	"[ 7178. 10007. 11464.  5728.  8171.  7188.  5745.  6235. 11474. 10997.
 10017.  9101. 10514. 11499.  5740.  7199.  7737.  6227.  6727.  8181.
  8667. 10021.  9104. 11003. 11482. 10518. 11004.  5743.  5752.  7213.
  7751.  8194.  4356.  6241.  7214.  3001.  5759.  6246.  7220.  8201.
  9124. 10027.  2461. 10031.  3663.  4665.  4756.  9131. 10526.  5772.
  6245. 11009. 11487.  5751.  7212.  3750.  7230.  3724.  6755. 11029.
  3843.  4723.  2460.  4748. 11489. 11011.  9137.  7235.  3840.  7774.
  9125.  6249.  6760.  7216.  8702.  4656.  7752.  8197.  5756.  5775.
  8215.  3659.  6742.  4963. 11512. 10558. 11016. 11494.  8682.  2552.
  3924.  4929.  6791. 11555. 11528. 10044. 10583. 11497.  2549. 10540.
 11020.  9133.  6258.  6750.  8690. 11583.  9630. 11558.  5857.  6853.
  7323.  8316.  9212.  2511.  6342. 10617. 11110.  6833.  8304.   620.
  8776.  9221.  9661. 11508. 11582.  5853.  7310.  7845.  8881.  4848.
 10113. 10062.  1506.  8415.  4285.  9371. 11743.  2778.  3280.  6950.
  9808. 10243. 11257.  1421.  1589.  1760.  5307.  1679.  4396.  1847.
  2742.  3396.  1930.  3432.   505.  5474.  5494.  2705.  1267.  1338.
   617.  2018.  2185.  1185.  2102. 12075. 12352.  1674. 12218. 12496.
 12007. 12288.  4411.  5158.  5434.  3340.  4136.  1808.]"	"[ 7187. 10014. 11482.  5735.  8181.  7197.  5756.  6242. 11484. 11005.
 10042.  9114. 10524. 11510.  5751.  7210.  7746.  6235.  6734.  8197.
  8674. 10042.  9114. 11009. 11488. 10525. 11011.  5750.  5764.  7218.
  7761.  8204.  4364.  6249.  7222.  3011.  5767.  6253.  7227.  8207.
  9146. 10066.  2526. 10114.  3745.  4745.  4786.  9152. 10568.  5779.
  6290. 11014. 11493.  5761.  7219.  3846.  7245.  3742.  6769. 11099.
  3872.  4731.  2553.  4949. 11525. 11027.  9204.  7294.  3963.  7844.
  9133.  6323.  6824.  7234.  8768.  4668.  7772.  8216.  5774.  5829.
  8284.  3666.  6752.  4975. 11542. 10586. 11027. 11507.  8688.  2564.
  3939.  4943.  6800. 11569. 11556. 10060. 10616. 11514.  2562. 10556.
 11035.  9142.  6265.  6757.  8695. 11591.  9658. 11573.  5879.  6864.
  7333.  8325.  9229.  2520.  6445. 10764. 11239.  6929.  8397.   876.
  8875.  9356.  9795. 11520. 11726.  5980.  7409.  7966.  8893.  4855.
 10238. 10069.  1527.  8425.  4425.  9379. 11756.  3098.  3400.  6965.
  9817. 10265. 11264.  1438.  1611.  1785.  5457.  1690.  4453.  1870.
  2771.  3417.  1951.  3443.   591.  5485.  5503.  2726.  1279.  1358.
   627.  2036.  2205.  1192.  2117. 12213. 12481.  1698. 12243. 12514.
 12062. 12344.  4429.  5289.  5454.  3348.  4266.  1817.]"	"[ 7178 10007 11464  5728  8171  7188  5745  6235 11474 10997 10017  9101
 10514 11499  5740  7199  7737  6227  6727  8181  8667 10021  9104 11003
 11482 10518 11004  5743  5752  7213  7751  8194  4356  6241  7214  3001
  5759  6246  7220  8201  9124 10027  2461 10031  3663  4665  4756  9131
 10526  5772  6245 11009 11487  5751  7212  3750  7230  3724  6755 11029
  3843  4723  2460  4748 11489 11011  9137  7235  3840  7774  9125  6249
  6760  7216  8702  4656  7752  8197  5756  5775  8215  3659  6742  4963
 11512 10558 11016 11494  8682  2552  3924  4929  6791 11555 11528 10044
 10583 11497  2549 10540 11020  9133  6258  6750  8690 11583  9630 11558
  5857  6853  7323  8316  9212  2511  6342 10617 11110  6833  8304   620
  8776  9221  9661 11508 11582  5853  7310  7845  8881  4848 10113 10062
  1506  8415  4285  9371 11743  2778  3280  6950  9808 10243 11257  1421
  1589  1760  5307  1679  4396  1847  2742  3396  1930  3432   505  5474
  5494  2705  1267  1338   617  2018  2185  1185  2102 12075 12352  1674
 12218 12496 12007 12288  4411  5158  5434  3340  4136  1808]"	"[ 7187 10014 11482  5735  8181  7197  5756  6242 11484 11005 10042  9114
 10524 11510  5751  7210  7746  6235  6734  8197  8674 10042  9114 11009
 11488 10525 11011  5750  5764  7218  7761  8204  4364  6249  7222  3011
  5767  6253  7227  8207  9146 10066  2526 10114  3745  4745  4786  9152
 10568  5779  6290 11014 11493  5761  7219  3846  7245  3742  6769 11099
  3872  4731  2553  4949 11525 11027  9204  7294  3963  7844  9133  6323
  6824  7234  8768  4668  7772  8216  5774  5829  8284  3666  6752  4975
 11542 10586 11027 11507  8688  2564  3939  4943  6800 11569 11556 10060
 10616 11514  2562 10556 11035  9142  6265  6757  8695 11591  9658 11573
  5879  6864  7333  8325  9229  2520  6445 10764 11239  6929  8397   876
  8875  9356  9795 11520 11726  5980  7409  7966  8893  4855 10238 10069
  1527  8425  4425  9379 11756  3098  3400  6965  9817 10265 11264  1438
  1611  1785  5457  1690  4453  1870  2771  3417  1951  3443   591  5485
  5503  2726  1279  1358   627  2036  2205  1192  2117 12213 12481  1698
 12243 12514 12062 12344  4429  5289  5454  3348  4266  1817]"	"['parabola' 'upsweep2' 'parabola' 'downsweep' 'downsweep2' 'downsweep'
 'parabola' 'flat' 'downsweep' 'downsweep3' 'downsweep2' 'downsweep'
 'parabola' 'downsweep2' 'upsweep2' 'parabola' 'downsweep2' 'parabola'
 'parabola' 'downsweep' 'parabola' 'downsweep' 'parabola' 'upsweep'
 'upsweep2' 'upsweep2' 'parabola' 'parabola' 'downsweep3' 'parabola'
 'downsweep3' 'parabola' 'parabola' 'downsweep3' 'parabola' 'downsweep'
 'parabola' 'parabola' 'parabola' 'parabola' 'parabola' 'downsweep'
 'upsweep' 'downsweep' 'upsweep' 'upsweep' 'downsweep' 'flat' 'parabola'
 'upsweep2' 'downsweep' 'downsweep2' 'downsweep2' 'parabola' 'downsweep'
 'upsweep' 'parabola' 'upsweep3' 'parabola' 'downsweep' 'flat' 'parabola'
 'upsweep' 'upsweep' 'upsweep' 'downsweep' 'downsweep' 'downsweep'
 'upsweep' 'downsweep' 'downsweep' 'downsweep' 'downsweep' 'downsweep3'
 'downsweep' 'upsweep3' 'downsweep3' 'downsweep' 'downsweep3' 'downsweep'
 'downsweep' 'upsweep' 'parabola' 'downsweep' 'flat' 'parabola'
 'downsweep3' 'downsweep3' 'parabola' 'downsweep' 'flat' 'flat' 'parabola'
 'parabola' 'flat' 'parabola' 'flat' 'parabola' 'flat' 'parabola'
 'parabola' 'parabola' 'parabola' 'parabola' 'parabola' 'flat' 'flat'
 'upsweep' 'upsweep' 'flat' 'flat' 'flat' 'upsweep' 'downsweep3' 'upsweep'
 'upsweep' 'upsweep' 'upsweep' 'upsweep' 'downsweep' 'upsweep' 'upsweep'
 'upsweep' 'downsweep3' 'upsweep' 'upsweep' 'upsweep' 'upsweep'
 'downsweep3' 'parabola' 'upsweep' 'downsweep3' 'parabola' 'parabola'
 'upsweep' 'parabola' 'upsweep' 'flat' 'upsweep' 'flat' 'flat' 'downsweep'
 'parabola' 'upsweep2' 'upsweep2' 'downsweep' 'downsweep' 'parabola'
 'flat' 'downsweep' 'downsweep' 'upsweep' 'parabola' 'flat' 'flat'
 'upsweep2' 'downsweep' 'downsweep' 'upsweep' 'downsweep' 'flat'
 'parabola' 'downsweep' 'upsweep2' 'parabola' 'upsweep' 'upsweep'
 'upsweep' 'upsweep' 'parabola' 'downsweep' 'downsweep' 'downsweep' 'flat'
 'downsweep' 'upsweep' 'flat' 'parabola']"	"[   27    56   180    49    90    72    66    28   120    64   350    91
    70    66   143   143   108    96    77   192    49   378   130    48
    42    49    35    49   324    30   180   240    96   120    64    60
    72    49    42    36   352   273  4030  5146  1968  2000   180   420
  1722    35   765    40    48   100    63  4896   150   180   126  3360
   406    56  6231  9246   432   160  2814  2419  4551  2730    40  2812
  2624   684  2508   156   740   703   648  1890  2553    28   140    84
   390   448    88   104    36    48    90    56    36    84   420   240
   363   221    52   208   165    72    56    49    30    40   168    90
   110    33    30    27   136    72  4120  4998  4773  3552  3255  5632
  3366  4590  4556   120  4896  4191  3663  4235   156    42  3750    42
   798    70  5740    32    65 13120  4680    75    27   154    28   578
   748   850  5250    77   912   759   522   105   693    44  1290    99
    36   273   204   460    40   432   460    56   300  3312  3354   456
   200   126  1540  1624    90  1703   100    32  1560    45]"
SegSyllsOutput_Luscinia-megarhynchos-775292_F1_bout3.gzip	3319.6825396825393	16	0.004819737974562494	391.74603174603175	13.333333333333332	134.24603174603175	143.58314639766488	"[391.74603175  32.38095238 387.3015873   13.33333333 385.07936508
 323.17460317  49.20634921  74.6031746   45.07936508  77.46031746
  45.07936508  76.50793651  48.57142857  80.31746032  43.49206349
  74.6031746 ]"	"[  175  1790  2225  3863  4257  6047  7501  7823  8109  8431  8734  9061
  9386  9722 10034 10397]"	"[ 1409  1892  3445  3905  5470  7065  7656  8058  8251  8675  8876  9302
  9539  9975 10171 10632]"	0.31746031746031744	42.98245614035088	"[  175.  1790.  2225.  3863.  4257.  6047.  7501.  7823.  8109.  8431.
  8734.  9061.  9386.  9722. 10034. 10397.]"	"[ 1409.  1892.  3445.  3905.  5470.  7065.  7656.  8058.  8251.  8675.
  8876.  9302.  9539.  9975. 10171. 10632.]"	183.17460317460316	16.19047619047619	78.11640211640211	51.27106513659916	"[120.95238095 105.71428571 132.6984127  111.74603175 183.17460317
 138.41269841  53.01587302  16.19047619  57.14285714  18.73015873
  58.73015873  26.66666667  58.0952381   18.73015873  71.74603175]"	47.3	5	3.2	[0, 1, 0, 1, 0, 0, 6, 7, 6, 7, 6, 7, 6, 7, 6, 15]	0.06666666666666667	[83.69535533 58.69565217 78.58514809 72.34430696]	73.33011563784297	10.804210591474748	4644.791666666667	2466.1184210526317	10315.78947368421	1504.3859649122808	8854.38596491228	"[ 3911.40350877  3567.54385965  3954.38596491  3481.57894737
  3954.38596491  3997.36842105  2621.92982456  4599.12280702
  2578.94736842 10315.78947368  2578.94736842 10315.78947368
  2535.96491228  5028.94736842  2535.96491228  8338.59649123]"	"[3352.63157895 2020.1754386  3395.61403509 1934.21052632 3395.61403509
 3352.63157895 1461.40350877 2621.92982456 1676.31578947 2578.94736842
 1633.33333333 2492.98245614 1676.31578947 2621.92982456 1633.33333333
 2922.80701754]"	7822.80701754386	558.7719298245614	2221.655701754386	2474.7703583436523	"[ 558.77192982 1547.36842105  558.77192982 1547.36842105  558.77192982
  644.73684211 1160.52631579 1977.19298246  902.63157895 7736.84210526
  945.61403509 7822.80701754  859.64912281 2407.01754386  902.63157895
 5415.78947368]"	25	37	2.3125	391.74603174603175	1.9047619047619047	59.236379236379236	112.35839258460733	"[ 69.84126984   3.49206349   2.53968254   5.07936508   1.9047619
   2.53968254   5.07936508   8.25396825   7.3015873    2.53968254
   4.76190476   3.17460317  74.6031746    6.66666667  74.92063492
   2.53968254  72.38095238  64.76190476 323.17460317 375.23809524
 385.07936508 391.74603175   2.22222222   4.76190476   5.71428571
   2.53968254  16.19047619  15.23809524  13.33333333   2.85714286
   4.76190476   5.07936508  49.20634921  45.07936508  45.07936508
  48.57142857  43.49206349]"	4293.598862019914	3546.633475580843	8338.59649122807	1504.3859649122808	6877.19298245614	"[8338.59649123 5931.57894737 5845.61403509 5759.64912281 5630.70175439
 5630.70175439 5329.8245614  5329.8245614  5028.94736842 5028.94736842
 5028.94736842 4985.96491228 4599.12280702 4599.12280702 4513.15789474
 4470.1754386  4470.1754386  4298.24561404 3997.36842105 3954.38596491
 3954.38596491 3911.40350877 3739.47368421 3739.47368421 3739.47368421
 3653.50877193 3567.54385965 3567.54385965 3481.57894737 3481.57894737
 3266.66666667 3137.71929825 2621.92982456 2578.94736842 2578.94736842
 2535.96491228 2535.96491228]"	"[3395.61403509 5759.64912281 5630.70175439 5544.73684211 5415.78947368
 5415.78947368 4900.         4642.10526316 4126.31578947 4857.01754386
 4384.21052632 4771.05263158 2621.92982456 4255.26315789 2492.98245614
 4169.29824561 2621.92982456 2578.94736842 3352.63157895 3395.61403509
 3395.61403509 3352.63157895 3567.54385965 3438.59649123 3524.56140351
 3481.57894737 2020.1754386  3223.68421053 1934.21052632 3266.66666667
 3094.73684211 2922.80701754 1461.40350877 1676.31578947 1633.33333333
 1676.31578947 1633.33333333]"	4942.982456140351	171.9298245614035	789.9478425794216	901.8552498039214	"[4942.98245614  171.92982456  214.9122807   214.9122807   214.9122807
  214.9122807   429.8245614   687.71929825  902.63157895  171.92982456
  644.73684211  214.9122807  1977.19298246  343.85964912 2020.1754386
  300.87719298 1848.24561404 1719.29824561  644.73684211  558.77192982
  558.77192982  558.77192982  171.92982456  300.87719298  214.9122807
  171.92982456 1547.36842105  343.85964912 1547.36842105  214.9122807
  171.92982456  214.9122807  1160.52631579  902.63157895  945.61403509
  859.64912281  902.63157895]"	6	11	11	9	"[ 69.84126984   3.49206349   2.53968254   5.07936508   1.9047619
   2.53968254   5.07936508   8.25396825   7.3015873    2.53968254
   4.76190476   3.17460317  74.6031746    6.66666667  74.92063492
   2.53968254  72.38095238  64.76190476 323.17460317 375.23809524
 385.07936508 391.74603175   2.22222222   4.76190476   5.71428571
   2.53968254  16.19047619  15.23809524  13.33333333   2.85714286
   4.76190476   5.07936508  49.20634921  45.07936508  45.07936508
  48.57142857  43.49206349]"	"[10397. 10621.  8510.  9176. 10473. 10492.  8461.  9085.  9115.  9167.
  9752. 10478.  7823. 10471.  9061.  7852.  9722.  8431.  6047.  2225.
  4257.   175.  3438.  8658.  9945.  9294.  1790.  1844.  3863. 10504.
  9960. 10536.  7501.  8109.  8734.  9386. 10034.]"	"[10617. 10632.  8518.  9192. 10479. 10500.  8477.  9111.  9138.  9175.
  9767. 10488.  8058. 10492.  9297.  7860.  9950.  8635.  7065.  3407.
  5470.  1409.  3445.  8673.  9963.  9302.  1841.  1892.  3905. 10513.
  9975. 10552.  7656.  8251.  8876.  9539. 10171.]"	"[10397 10621  8510  9176 10473 10492  8461  9085  9115  9167  9752 10478
  7823 10471  9061  7852  9722  8431  6047  2225  4257   175  3438  8658
  9945  9294  1790  1844  3863 10504  9960 10536  7501  8109  8734  9386
 10034]"	"[10617 10632  8518  9192 10479 10500  8477  9111  9138  9175  9767 10488
  8058 10492  9297  7860  9950  8635  7065  3407  5470  1409  3445  8673
  9963  9302  1841  1892  3905 10513  9975 10552  7656  8251  8876  9539
 10171]"	"['downsweep' 'downsweep2' 'parabola' 'upsweep' 'upsweep3' 'parabola'
 'upsweep' 'upsweep' 'upsweep2' 'downsweep' 'parabola' 'parabola'
 'downsweep' 'flat' 'downsweep' 'downsweep3' 'downsweep' 'downsweep'
 'flat' 'flat' 'flat' 'flat' 'parabola' 'downsweep' 'parabola' 'flat'
 'parabola' 'upsweep' 'parabola' 'parabola' 'downsweep' 'downsweep2'
 'upsweep' 'upsweep' 'upsweep' 'upsweep' 'upsweep']"	"[25300    44    40    80    30    40   160   416   483    32   225    50
 10810   168 11092    56  9804  8160 15270 15366 15769 16042    28   105
    90    32  1836   384  1512    45    60    80  4185  2982  3124  3060
  2877]"
SegSyllsOutput_Luscinia-megarhynchos-775292_F1_bout4.gzip	1693.3333333333333	17	0.010039370078740157	140.0	22.22222222222222	50.64425770308122	30.51504584241455	"[140.          53.96825397  22.22222222  32.06349206  31.74603175
  34.28571429  86.34920635  54.92063492  80.95238095  50.15873016
  77.77777778  27.61904762  26.98412698  30.15873016  28.57142857
  44.44444444  38.73015873]"	"[ 190  889 1389 1542 1731 2208 2463 2920 3180 3601 3876 4316 4518 4734
 4949 5175 5402]"	"[ 631 1059 1459 1643 1831 2316 2735 3093 3435 3759 4121 4403 4603 4829
 5039 5315 5524]"	0.31746031746031744	42.98245614035088	"[ 190.  889. 1389. 1542. 1731. 2208. 2463. 2920. 3180. 3601. 3876. 4316.
 4518. 4734. 4949. 5175. 5402.]"	"[ 631. 1059. 1459. 1643. 1831. 2316. 2735. 3093. 3435. 3759. 4121. 4403.
 4603. 4829. 5039. 5315. 5524.]"	119.68253968253967	26.349206349206348	52.02380952380952	27.92565325437132	"[ 81.9047619  104.76190476  26.34920635  27.93650794 119.68253968
  46.66666667  58.73015873  27.61904762  52.6984127   37.14285714
  61.9047619   36.50793651  41.58730159  38.0952381   43.17460317
  27.61904762]"	47.3	8	2.125	[0, 1, 2, 3, 3, 5, 6, 7, 6, 7, 6, 11, 11, 11, 11, 11, 11]	0.375	[51.81880577 76.83414304 52.08860759 63.96818315]	61.17743488703405	11.87590707596121	5772.291021671827	2584.0041279669767	9112.280701754386	1461.4035087719299	7693.859649122807	"[4599.12280702 4040.35087719 3352.63157895 3653.50877193 3696.49122807
 7478.94736842 3352.63157895 7135.0877193  8940.35087719 7435.96491228
 9112.28070175 5974.56140351 5845.61403509 5802.63157895 5888.59649123
 5931.57894737 5888.59649123]"	"[2492.98245614 3094.73684211 1805.26315789 1418.42105263 1418.42105263
 6275.43859649 1633.33333333 5544.73684211 1676.31578947 5544.73684211
 1719.29824561 1848.24561404 1805.26315789 1762.28070175 1762.28070175
 1719.29824561 1676.31578947]"	7392.982456140351	945.6140350877192	3231.269349845201	1945.059158621635	"[2106.14035088  945.61403509 1547.36842105 2235.0877193  2278.07017544
 1203.50877193 1719.29824561 1590.35087719 7264.03508772 1891.22807018
 7392.98245614 4126.31578947 4040.35087719 4040.35087719 4126.31578947
 4212.28070175 4212.28070175]"	25	63	3.7058823529411766	129.2063492063492	1.5873015873015872	15.515243134290753	21.163461577953132	"[ 19.04761905   7.61904762   1.9047619   26.03174603   2.85714286
   4.44444444  26.66666667   4.12698413  25.07936508  18.73015873
  11.42857143   4.44444444   9.52380952   4.44444444  11.11111111
   6.03174603  11.11111111  13.33333333  11.42857143  10.79365079
   7.61904762   3.49206349 129.20634921  24.12698413  21.26984127
  27.61904762   4.76190476  14.92063492  17.77777778  19.04761905
  23.17460317   5.3968254    4.12698413   5.71428571   3.17460317
   1.58730159   5.71428571   2.22222222   1.58730159   2.22222222
   3.49206349  27.3015873    8.57142857   3.80952381   3.49206349
   6.34920635  65.71428571  56.19047619  22.22222222  32.06349206
  86.34920635  26.66666667   5.71428571   2.85714286   7.61904762
   3.49206349   4.76190476   5.71428571   5.3968254    2.85714286
  20.          16.50793651   5.3968254 ]"	4615.497076023393	3795.4191033138395	9112.280701754386	1461.4035087719299	7693.859649122807	"[9112.28070175 8854.38596491 7865.78947368 7478.94736842 7350.
 7307.01754386 7264.03508772 7049.12280702 6963.15789474 6834.21052632
 6748.24561404 6705.26315789 5974.56140351 5931.57894737 5931.57894737
 5888.59649123 5888.59649123 5888.59649123 5845.61403509 5802.63157895
 5587.71929825 5114.9122807  4599.12280702 4212.28070175 4126.31578947
 4126.31578947 4040.35087719 4040.35087719 4040.35087719 4040.35087719
 3997.36842105 3997.36842105 3954.38596491 3954.38596491 3911.40350877
 3911.40350877 3868.42105263 3868.42105263 3868.42105263 3868.42105263
 3782.45614035 3696.49122807 3696.49122807 3653.50877193 3567.54385965
 3524.56140351 3481.57894737 3438.59649123 3352.63157895 3352.63157895
 3352.63157895 3266.66666667 3266.66666667 3223.68421053 3180.70175439
 3137.71929825 2750.87719298 2621.92982456 2450.         2278.07017544
 2106.14035088 2063.15789474 1719.29824561]"	"[7435.96491228 8123.68421053 7478.94736842 6275.43859649 7006.14035088
 7006.14035088 6103.50877193 6834.21052632 6103.50877193 6146.49122807
 6146.49122807 6318.42105263 4341.22807018 5544.73684211 4212.28070175
 5544.73684211 4169.29824561 4083.33333333 4255.26315789 4212.28070175
 4814.03508772 4814.03508772 2492.98245614 1676.31578947 1848.24561404
 1719.29824561 3739.47368421 3481.57894737 1805.26315789 1762.28070175
 1762.28070175 3782.45614035 3567.54385965 3610.52631579 3567.54385965
 3567.54385965 3696.49122807 3610.52631579 3610.52631579 3610.52631579
 3524.56140351 3094.73684211 3309.64912281 3524.56140351 3309.64912281
 3223.68421053 1676.31578947 1719.29824561 2235.0877193  2106.14035088
 1633.33333333 2235.0877193  2621.92982456 2922.80701754 2535.96491228
 2922.80701754 2364.03508772 2321.05263158 2235.0877193  2149.12280702
 1676.31578947 1762.28070175 1418.42105263]"	2535.964912280702	128.94736842105263	863.0604288499027	727.7310511626234	"[1676.31578947  730.70175439  386.84210526 1203.50877193  343.85964912
  300.87719298 1160.52631579  214.9122807   859.64912281  687.71929825
  601.75438596  386.84210526 1633.33333333  386.84210526 1719.29824561
  343.85964912 1719.29824561 1805.26315789 1590.35087719 1590.35087719
  773.68421053  300.87719298 2106.14035088 2535.96491228 2278.07017544
 2407.01754386  300.87719298  558.77192982 2235.0877193  2278.07017544
 2235.0877193   214.9122807   386.84210526  343.85964912  343.85964912
  343.85964912  171.92982456  257.89473684  257.89473684  257.89473684
  257.89473684  601.75438596  386.84210526  128.94736842  257.89473684
  300.87719298 1805.26315789 1719.29824561 1117.54385965 1246.49122807
 1719.29824561 1031.57894737  644.73684211  300.87719298  644.73684211
  214.9122807   386.84210526  300.87719298  214.9122807   128.94736842
  429.8245614   300.87719298  300.87719298]"	8	27	12	16	"[ 19.04761905   7.61904762   1.9047619   26.03174603   2.85714286
   4.44444444  26.66666667   4.12698413  25.07936508  18.73015873
  11.42857143   4.44444444   9.52380952   4.44444444  11.11111111
   6.03174603  11.11111111  13.33333333  11.42857143  10.79365079
   7.61904762   3.49206349 129.20634921  24.12698413  21.26984127
  27.61904762   4.76190476  14.92063492  17.77777778  19.04761905
  23.17460317   5.3968254    4.12698413   5.71428571   3.17460317
   1.58730159   5.71428571   2.22222222   1.58730159   2.22222222
   3.49206349  27.3015873    8.57142857   3.80952381   3.49206349
   6.34920635  65.71428571  56.19047619  22.22222222  32.06349206
  86.34920635  26.66666667   5.71428571   2.85714286   7.61904762
   3.49206349   4.76190476   5.71428571   5.3968254    2.85714286
  20.          16.50793651   5.3968254 ]"	"[3948. 3282. 3258. 2213. 2282. 2208. 3661. 3025. 2977. 3601. 2933. 2302.
 4319. 3732. 5178. 3046. 4952. 5404. 4523. 4737. 5446. 5490.  200. 5427.
 4336. 5198.  761.  913. 4540. 4974. 4756. 5507. 4590. 5021. 4518. 4734.
  889. 4949. 5175. 5402.  433.  973. 1778. 1579.  293. 1593. 3180. 3876.
 1389. 1542. 2463. 1747. 3398. 4093. 4052. 3424. 1731. 1600. 1786. 1749.
 1561. 1751. 1787.]"	"[4008. 3306. 3264. 2295. 2291. 2222. 3745. 3038. 3056. 3660. 2969. 2316.
 4349. 3746. 5213. 3065. 4987. 5446. 4559. 4771. 5470. 5501.  607. 5503.
 4403. 5285.  776.  960. 4596. 5034. 4829. 5524. 4603. 5039. 4528. 4739.
  907. 4956. 5180. 5409.  444. 1059. 1805. 1591.  304. 1613. 3387. 4053.
 1459. 1643. 2735. 1831. 3416. 4102. 4076. 3435. 1746. 1618. 1803. 1758.
 1624. 1803. 1804.]"	"[3948 3282 3258 2213 2282 2208 3661 3025 2977 3601 2933 2302 4319 3732
 5178 3046 4952 5404 4523 4737 5446 5490  200 5427 4336 5198  761  913
 4540 4974 4756 5507 4590 5021 4518 4734  889 4949 5175 5402  433  973
 1778 1579  293 1593 3180 3876 1389 1542 2463 1747 3398 4093 4052 3424
 1731 1600 1786 1749 1561 1751 1787]"	"[4008 3306 3264 2295 2291 2222 3745 3038 3056 3660 2969 2316 4349 3746
 5213 3065 4987 5446 4559 4771 5470 5501  607 5503 4403 5285  776  960
 4596 5034 4829 5524 4603 5039 4528 4739  907 4956 5180 5409  444 1059
 1805 1591  304 1613 3387 4053 1459 1643 2735 1831 3416 4102 4076 3435
 1746 1618 1803 1758 1624 1803 1804]"	"['upsweep' 'upsweep' 'parabola' 'upsweep' 'downsweep3' 'parabola' 'flat'
 'flat' 'upsweep' 'flat' 'downsweep' 'parabola' 'upsweep3' 'downsweep'
 'parabola' 'downsweep' 'upsweep3' 'upsweep' 'parabola' 'parabola'
 'upsweep2' 'downsweep2' 'upsweep' 'parabola' 'parabola' 'downsweep'
 'upsweep' 'upsweep' 'downsweep2' 'downsweep2' 'downsweep' 'flat'
 'downsweep' 'downsweep' 'upsweep' 'parabola' 'flat' 'parabola' 'parabola'
 'upsweep3' 'parabola' 'downsweep' 'upsweep' 'flat' 'parabola' 'upsweep'
 'upsweep' 'upsweep' 'upsweep' 'upsweep' 'upsweep' 'upsweep' 'upsweep3'
 'upsweep3' 'parabola' 'parabola' 'parabola' 'upsweep' 'flat' 'upsweep2'
 'upsweep' 'upsweep' 'flat']"	"[ 2340   408    54  2296    72    98  2268    65  1580   944   504   126
  1140   126  1400   152  1400  1764  1332  1258   432    77 19943  4484
  3551  4872   105   611  2912  3180  3796    85   117   144    80    40
    72    42    30    42    66  1204   243    36    66   140  8694  7080
  1820  2929 10880  2016   270    63   360    55   135   126    85    27
   630   364   119]"
SegSyllsOutput_Luscinia-megarhynchos-775292_F1_Bout5.gzip	1402.857142857143	12	0.008553971486761711	110.79365079365078	21.587301587301585	53.227513227513235	36.92262959187751	"[110.79365079 100.31746032 100.          96.50793651  23.49206349
  25.3968254   25.07936508  24.76190476  22.53968254  21.58730159
  48.25396825  40.        ]"	[ 278  847 1424 1979 2608 2895 3194 3480 3772 4052 4341 4571]	[ 627 1163 1739 2283 2682 2975 3273 3558 3843 4120 4493 4697]	0.31746031746031744	42.98245614035088	[ 278.  847. 1424. 1979. 2608. 2895. 3194. 3480. 3772. 4052. 4341. 4571.]	[ 627. 1163. 1739. 2283. 2682. 2975. 3273. 3558. 3843. 4120. 4493. 4697.]	103.17460317460316	24.76190476190476	69.46608946608946	18.41040937157258	"[ 69.84126984  82.85714286  76.19047619 103.17460317  67.61904762
  69.52380952  65.71428571  67.93650794  66.34920635  70.15873016
  24.76190476]"	47.3	5	2.4	[0, 1, 1, 1, 4, 5, 5, 5, 5, 5, 10, 10]	0.6363636363636364	[54.97983016 81.7091964  61.63355408]	66.10752688256694	13.91499476520606	4391.374269005849	2188.523391812866	6748.245614035088	1461.4035087719299	5329.824561403509	"[3137.71929825 5630.70175439 5587.71929825 5501.75438596 2707.89473684
 3438.59649123 3438.59649123 3266.66666667 3352.63157895 3223.68421053
 6662.28070175 6748.24561404]"	"[2235.0877193  2321.05263158 2321.05263158 2321.05263158 1418.42105263
 1418.42105263 1461.40350877 1418.42105263 1418.42105263 1461.40350877
 3180.70175439 4771.05263158]"	3481.578947368421	902.6315789473684	2245.8333333333335	851.6257353767182	"[ 902.63157895 3309.64912281 3266.66666667 3180.70175439 1289.47368421
 2020.1754386  1977.19298246 1848.24561404 1934.21052632 1762.28070175
 3481.57894737 1977.19298246]"	25	36	3.0	110.79365079365078	1.9047619047619047	18.403880070546737	20.847740642129597	"[ 38.73015873   9.20634921  17.14285714  26.03174603   3.49206349
  24.76190476   6.98412698  13.01587302  25.07936508  18.41269841
   5.07936508   5.3968254   18.41269841  57.46031746  12.06349206
   2.22222222   5.3968254    1.9047619    2.85714286   2.22222222
  46.66666667  25.3968254   18.0952381   41.26984127  19.36507937
   2.85714286  20.95238095  19.68253968 110.79365079   4.76190476
   8.57142857   7.93650794   5.3968254   23.49206349   4.76190476
   6.66666667]"	4297.051656920078	3254.7270955165695	6748.245614035088	1418.421052631579	5372.80701754386	"[6748.24561404 6662.28070175 6619.29824561 5974.56140351 5673.68421053
 5630.70175439 5587.71929825 5587.71929825 5501.75438596 5458.77192982
 5458.77192982 5415.78947368 5372.80701754 5157.89473684 4985.96491228
 4771.05263158 4040.35087719 3868.42105263 3825.43859649 3825.43859649
 3696.49122807 3438.59649123 3438.59649123 3352.63157895 3352.63157895
 3352.63157895 3266.66666667 3223.68421053 3137.71929825 2836.84210526
 2836.84210526 2836.84210526 2750.87719298 2707.89473684 2578.94736842
 1719.29824561]"	"[4771.05263158 6146.49122807 6017.54385965 4341.22807018 5415.78947368
 4040.35087719 4728.07017544 4126.31578947 3395.61403509 3567.54385965
 4814.03508772 5114.9122807  3567.54385965 2321.05263158 3223.68421053
 4513.15789474 3352.63157895 3567.54385965 3481.57894737 3567.54385965
 2321.05263158 1418.42105263 1461.40350877 2321.05263158 1418.42105263
 3180.70175439 1418.42105263 1461.40350877 2235.0877193  2578.94736842
 2192.10526316 2235.0877193  2278.07017544 1418.42105263 2235.0877193
 1375.43859649]"	2836.842105263158	171.9298245614035	1085.3070175438597	737.5236248830919	"[1977.19298246  515.78947368  601.75438596 1633.33333333  257.89473684
 1590.35087719  859.64912281 1461.40350877 2106.14035088 1891.22807018
  644.73684211  300.87719298 1805.26315789 2836.84210526 1762.28070175
  257.89473684  687.71929825  300.87719298  343.85964912  257.89473684
 1375.43859649 2020.1754386  1977.19298246 1031.57894737 1934.21052632
  171.92982456 1848.24561404 1762.28070175  902.63157895  257.89473684
  644.73684211  601.75438596  472.80701754 1289.47368421  343.85964912
  343.85964912]"	3	9	15	9	"[ 38.73015873   9.20634921  17.14285714  26.03174603   3.49206349
  24.76190476   6.98412698  13.01587302  25.07936508  18.41269841
   5.07936508   5.3968254   18.41269841  57.46031746  12.06349206
   2.22222222   5.3968254    1.9047619    2.85714286   2.22222222
  46.66666667  25.3968254   18.0952381   41.26984127  19.36507937
   2.85714286  20.95238095  19.68253968 110.79365079   4.76190476
   8.57142857   7.93650794   5.3968254   23.49206349   4.76190476
   6.66666667]"	"[4571. 4341. 4378. 4395. 4686.  891. 1424. 1468. 2026. 1513. 1979.  847.
  972. 2102. 1562. 1615.  998. 2068.  959. 2050. 1016. 2895. 3194. 1609.
 3772. 4376. 3480. 4052.  278. 3258. 3531. 3818. 4103. 2608. 3244. 2808.]"	"[4693. 4370. 4432. 4477. 4697.  969. 1446. 1509. 2105. 1571. 1995.  864.
 1030. 2283. 1600. 1622. 1015. 2074.  968. 2057. 1163. 2975. 3251. 1739.
 3833. 4385. 3546. 4114.  627. 3273. 3558. 3843. 4120. 2682. 3259. 2829.]"	"[4571 4341 4378 4395 4686  891 1424 1468 2026 1513 1979  847  972 2102
 1562 1615  998 2068  959 2050 1016 2895 3194 1609 3772 4376 3480 4052
  278 3258 3531 3818 4103 2608 3244 2808]"	"[4693 4370 4432 4477 4697  969 1446 1509 2105 1571 1995  864 1030 2283
 1600 1622 1015 2074  968 2057 1163 2975 3251 1739 3833 4385 3546 4114
  627 3273 3558 3843 4120 2682 3259 2829]"	"['downsweep' 'parabola' 'upsweep' 'downsweep' 'flat' 'downsweep'
 'parabola' 'downsweep' 'upsweep' 'upsweep' 'upsweep2' 'flat' 'upsweep'
 'downsweep' 'parabola' 'parabola' 'downsweep3' 'parabola' 'parabola'
 'downsweep' 'downsweep' 'parabola' 'downsweep' 'downsweep' 'downsweep'
 'parabola' 'downsweep' 'downsweep' 'upsweep' 'upsweep' 'upsweep'
 'parabola' 'upsweep2' 'downsweep' 'flat' 'downsweep']"	"[ 5612   348   756  3116    66  2886   440  1394  3871  2552   240   119
  2436 11946  1558    42   272    42    72    42  4704  3760  2622  3120
  2745    36  2838  2542  7329    90   405   350   187  2220   120   168]"
SegSyllsOutput_Luscinia-megarhynchos-775292_F1_bout6.gzip	2118.095238095238	20	0.009442446043165468	112.6984126984127	26.03174603174603	58.04761904761905	23.81348338003101	"[112.6984127   40.31746032  35.23809524  33.33333333  40.95238095
  80.63492063  58.41269841  78.41269841  70.79365079  78.41269841
  61.9047619   78.41269841  69.84126984  78.0952381   51.11111111
  73.33333333  26.03174603  26.66666667  28.25396825  38.0952381 ]"	"[ 198 1000 1175 1355 1834 2089 2534 2808 3228 3525 3955 4223 4654 4936
 5459 5702 6118 6318 6529 6750]"	"[ 553 1127 1286 1460 1963 2343 2718 3055 3451 3772 4150 4470 4874 5182
 5620 5933 6200 6402 6618 6870]"	0.31746031746031744	42.98245614035088	"[ 198. 1000. 1175. 1355. 1834. 2089. 2534. 2808. 3228. 3525. 3955. 4223.
 4654. 4936. 5459. 5702. 6118. 6318. 6529. 6750.]"	"[ 553. 1127. 1286. 1460. 1963. 2343. 2718. 3055. 3451. 3772. 4150. 4470.
 4874. 5182. 5620. 5933. 6200. 6402. 6618. 6870.]"	141.9047619047619	15.238095238095237	50.37593984962407	33.9493020416204	"[141.9047619   15.23809524  21.9047619  118.73015873  40.
  60.63492063  28.57142857  54.92063492  23.49206349  58.0952381
  23.17460317  58.41269841  19.68253968  87.93650794  26.03174603
  58.73015873  37.46031746  40.31746032  41.9047619 ]"	47.3	7	2.857142857142857	[0, 1, 2, 2, 4, 5, 4, 5, 4, 5, 4, 5, 12, 5, 4, 5, 16, 16, 16, 16]	0.21052631578947367	[76.94174757 51.1357413  75.13877819 81.37122421]	71.1468728158186	13.595325518933642	6829.912280701753	2998.0263157894738	9026.315789473683	1504.3859649122808	7564.912280701754	"[4642.10526316 3309.64912281 3739.47368421 3868.42105263 7135.0877193
 8811.40350877 7350.         8983.33333333 7221.05263158 8897.36842105
 7221.05263158 8897.36842105 7607.89473684 8854.38596491 7478.94736842
 9026.31578947 5931.57894737 5974.56140351 5931.57894737 5716.66666667]"	"[2535.96491228 1676.31578947 1461.40350877 1504.38596491 6146.49122807
 1633.33333333 6060.52631579 1676.31578947 5673.68421053 1590.35087719
 5845.61403509 1633.33333333 6232.45614035 1590.35087719 5157.89473684
 1676.31578947 1805.26315789 1848.24561404 1719.29824561 1633.33333333]"	7350.0	988.5964912280701	3874.868421052631	2493.461184811325	"[2106.14035088 1633.33333333 2278.07017544 2364.03508772  988.59649123
 7178.07017544 1289.47368421 7307.01754386 1547.36842105 7307.01754386
 1375.43859649 7264.03508772 1375.43859649 7264.03508772 2321.05263158
 7350.         4126.31578947 4126.31578947 4212.28070175 4083.33333333]"	25	67	3.35	112.6984126984127	1.9047619047619047	19.312959014451547	23.60130839729367	"[ 13.01587302  12.06349206  11.11111111  11.74603175   8.88888889
   7.61904762   3.49206349   3.17460317   3.49206349   2.22222222
   1.9047619   58.41269841  37.46031746  46.03174603  50.47619048
  51.42857143  40.95238095   3.17460317   4.12698413   4.12698413
   2.53968254   2.85714286   4.12698413   5.07936508   4.44444444
  14.92063492   7.3015873    3.49206349   2.85714286   4.44444444
  12.38095238   9.52380952  10.79365079  11.74603175 112.6984127
  19.36507937  20.          21.26984127  21.26984127   3.80952381
   3.17460317   2.22222222   2.53968254  33.33333333   2.53968254
  10.47619048   3.49206349  35.23809524  74.28571429  65.71428571
  61.58730159  67.3015873   78.41269841   3.49206349   4.12698413
  55.87301587  12.6984127    6.03174603  22.53968254   5.07936508
   5.3968254    4.12698413   7.3015873   11.11111111  26.34920635
  15.23809524   4.44444444]"	5424.129353233831	4538.819062581827	9026.315789473683	1547.3684210526317	7521.929824561404	"[9026.31578947 8983.33333333 8897.36842105 8897.36842105 8854.38596491
 8811.40350877 7994.73684211 7994.73684211 7994.73684211 7951.75438596
 7908.77192982 7607.89473684 7478.94736842 7350.         7221.05263158
 7221.05263158 7135.0877193  7135.0877193  7135.0877193  7135.0877193
 7092.10526316 7049.12280702 7049.12280702 7006.14035088 6834.21052632
 6791.22807018 6748.24561404 6619.29824561 6576.31578947 6060.52631579
 5974.56140351 5931.57894737 5931.57894737 5716.66666667 4642.10526316
 4255.26315789 4212.28070175 4169.29824561 4040.35087719 3954.38596491
 3868.42105263 3825.43859649 3782.45614035 3782.45614035 3782.45614035
 3782.45614035 3739.47368421 3696.49122807 3696.49122807 3567.54385965
 3524.56140351 3481.57894737 3481.57894737 3395.61403509 3309.64912281
 3309.64912281 3223.68421053 3223.68421053 3180.70175439 3051.75438596
 3051.75438596 3008.77192982 3008.77192982 2235.0877193  2192.10526316
 2192.10526316 1633.33333333]"	"[7908.77192982 7865.78947368 7822.80701754 7865.78947368 7908.77192982
 8123.68421053 7435.96491228 7392.98245614 7478.94736842 7521.92982456
 7521.92982456 6232.45614035 5157.89473684 6060.52631579 6060.52631579
 5845.61403509 6146.49122807 6963.15789474 6834.21052632 6877.19298246
 6834.21052632 6834.21052632 6490.35087719 6490.35087719 6533.33333333
 6404.38596491 6490.35087719 6232.45614035 6447.36842105 5673.68421053
 4126.31578947 4212.28070175 4083.33333333 3610.52631579 2535.96491228
 1805.26315789 1848.24561404 1719.29824561 1633.33333333 3524.56140351
 3696.49122807 3567.54385965 3481.57894737 2149.12280702 3567.54385965
 3567.54385965 3567.54385965 2020.1754386  1676.31578947 1633.33333333
 1590.35087719 1633.33333333 1590.35087719 3137.71929825 3094.73684211
 1676.31578947 2450.         2879.8245614  2149.12280702 2793.85964912
 2664.9122807  2578.94736842 2664.9122807  1805.26315789 1676.31578947
 1848.24561404 1504.38596491]"	2450.0	128.94736842105263	928.2927467923541	743.8783836413896	"[1117.54385965 1117.54385965 1074.56140351 1031.57894737  945.61403509
  687.71929825  558.77192982  601.75438596  515.78947368  429.8245614
  386.84210526 1375.43859649 2321.05263158 1289.47368421 1160.52631579
 1375.43859649  988.59649123  171.92982456  300.87719298  257.89473684
  257.89473684  214.9122807   558.77192982  515.78947368  300.87719298
  386.84210526  257.89473684  386.84210526  128.94736842  386.84210526
 1848.24561404 1719.29824561 1848.24561404 2106.14035088 2106.14035088
 2450.         2364.03508772 2450.         2407.01754386  429.8245614
  171.92982456  257.89473684  300.87719298 1633.33333333  214.9122807
  214.9122807   171.92982456 1676.31578947 2020.1754386  1934.21052632
 1934.21052632 1848.24561404 1891.22807018  257.89473684  214.9122807
 1633.33333333  773.68421053  343.85964912 1031.57894737  257.89473684
  386.84210526  429.8245614   343.85964912  429.8245614   515.78947368
  343.85964912  128.94736842]"	15	33	7	12	"[ 13.01587302  12.06349206  11.11111111  11.74603175   8.88888889
   7.61904762   3.49206349   3.17460317   3.49206349   2.22222222
   1.9047619   58.41269841  37.46031746  46.03174603  50.47619048
  51.42857143  40.95238095   3.17460317   4.12698413   4.12698413
   2.53968254   2.85714286   4.12698413   5.07936508   4.44444444
  14.92063492   7.3015873    3.49206349   2.85714286   4.44444444
  12.38095238   9.52380952  10.79365079  11.74603175 112.6984127
  19.36507937  20.          21.26984127  21.26984127   3.80952381
   3.17460317   2.22222222   2.53968254  33.33333333   2.53968254
  10.47619048   3.49206349  35.23809524  74.28571429  65.71428571
  61.58730159  67.3015873   78.41269841   3.49206349   4.12698413
  55.87301587  12.6984127    6.03174603  22.53968254   5.07936508
   5.3968254    4.12698413   7.3015873   11.11111111  26.34920635
  15.23809524   4.44444444]"	"[5789. 2900. 3619. 4313. 5040. 2192. 4300. 5026. 5780. 2888. 3610. 4690.
 5462. 2552. 3277. 3964. 1834. 1894. 2588. 2705. 5459. 1848. 5587. 4134.
 3437. 4654. 3243. 2534. 3955. 3386. 6320. 6121. 6534. 6750.  198. 6139.
 6339. 6551. 6775. 6529. 1390. 6318.  423. 1355. 6118. 6837. 1217. 1175.
 2808. 4223. 4936. 2089. 3525.  392. 1064. 5702. 2303. 4442. 1030.  378.
 5133. 5169. 5878. 1222. 1000. 1385. 1418.]"	"[5830. 2938. 3654. 4350. 5068. 2216. 4311. 5036. 5791. 2895. 3616. 4874.
 5580. 2697. 3436. 4126. 1963. 1904. 2601. 2718. 5467. 1857. 5600. 4150.
 3451. 4701. 3266. 2545. 3964. 3400. 6359. 6151. 6568. 6787.  553. 6200.
 6402. 6618. 6842. 6541. 1400. 6325.  431. 1460. 6126. 6870. 1228. 1286.
 3042. 4430. 5130. 2301. 3772.  403. 1077. 5878. 2343. 4461. 1101.  394.
 5150. 5182. 5901. 1257. 1083. 1433. 1432.]"	"[5789 2900 3619 4313 5040 2192 4300 5026 5780 2888 3610 4690 5462 2552
 3277 3964 1834 1894 2588 2705 5459 1848 5587 4134 3437 4654 3243 2534
 3955 3386 6320 6121 6534 6750  198 6139 6339 6551 6775 6529 1390 6318
  423 1355 6118 6837 1217 1175 2808 4223 4936 2089 3525  392 1064 5702
 2303 4442 1030  378 5133 5169 5878 1222 1000 1385 1418]"	"[5830 2938 3654 4350 5068 2216 4311 5036 5791 2895 3616 4874 5580 2697
 3436 4126 1963 1904 2601 2718 5467 1857 5600 4150 3451 4701 3266 2545
 3964 3400 6359 6151 6568 6787  553 6200 6402 6618 6842 6541 1400 6325
  431 1460 6126 6870 1228 1286 3042 4430 5130 2301 3772  403 1077 5878
 2343 4461 1101  394 5150 5182 5901 1257 1083 1433 1432]"	"['upsweep' 'upsweep' 'upsweep' 'upsweep' 'upsweep' 'upsweep' 'flat'
 'parabola' 'flat' 'parabola' 'upsweep2' 'flat' 'flat' 'upsweep' 'flat'
 'flat' 'flat' 'upsweep' 'parabola' 'parabola' 'upsweep3' 'parabola'
 'downsweep2' 'downsweep' 'flat' 'upsweep' 'flat' 'parabola' 'upsweep'
 'upsweep2' 'upsweep' 'upsweep' 'upsweep' 'upsweep' 'upsweep' 'downsweep'
 'downsweep' 'upsweep' 'upsweep' 'parabola' 'flat' 'flat' 'parabola'
 'upsweep' 'parabola' 'upsweep' 'parabola' 'upsweep' 'upsweep' 'upsweep'
 'upsweep' 'upsweep' 'upsweep' 'downsweep2' 'downsweep2' 'upsweep'
 'parabola' 'downsweep' 'flat' 'parabola' 'flat' 'upsweep2' 'flat'
 'upsweep' 'flat' 'upsweep' 'upsweep']"	"[ 1066   988   875   888   616   384   143   140   132    70    54  5888
  6372  4350  4293  5184  2967    40    91    78    48    45   169   192
    98   423   138    99    27   126  1677  1200  1462  1813 17395  3477
  3465  3819  3752   120    40    42    56  3990    40   165    44  4329
 10998  9315  8730  9116 10868    66    65  6688   720   152  1704    96
   153   130   184   350   996   384    42]"
