FileName	bout_duration(ms)	num_syllables	num_syllable_per_bout_duration(1/ms)	largest_syllable_duration(ms)	smallest_syllable_duration(ms)	avg_syllable_duration(ms)	std_syllable_duration(ms)	All_Syllables_syllable_duration(ms)	onsets	offsets	ms_per_pixel	hz_per_pixel	onsets_rescaled	offsets_rescaled	largest_silence_duration(ms)	smallest_silence_duration(ms)	avg_silence_duration(ms)	std_silence_duration(ms)	All_Syllables_silence_duration(ms)	syll_correlation_threshold	num_unique_syllables	num_syllables_per_num_unique	syllable_pattern	sequential_repetition	syllable_stereotypy	mean_syllable_stereotypy	std_syllable_stereotypy	avg_sylls_upper_freq(Hz)	avg_sylls_lower_freq(Hz)	max_sylls_freq(Hz)	min_sylls_freq(Hz)	overall_sylls_freq_range(Hz)	All_Syllables_sylls_Upper_Freq_(Hz)	All_Syllables_sylls_Lower_Freq_(Hz)	largest_sylls_freq_modulation(Hz)	smallest_sylls_freq_modulation(Hz)	avg_sylls_freq_modulation(Hz)	std_sylls_freq_modulation(Hz)	All_Syllables_sylls_freq_modulation(Hz)	note_size_threshold	num_notes	num_notes_per_syll	largest_note_duration(ms)	smallest_note_duration(ms)	avg_note_duration(ms)	std_note_duration(ms)	All_Syllables_note_duration(ms)	avg_notes_upper_freq(Hz)	avg_notes_lower_freq(Hz)	max_notes_freq(Hz)	min_notes_freq(Hz)	overall_notes_freq_range(Hz)	All_Syllables_notes_Upper_Freq_(Hz)	All_Syllables_notes_Lower_Freq_(Hz)	largest_notes_freq_modulation(Hz)	smallest_notes_freq_modulation(Hz)	avg_notes_freq_modulation(Hz)	std_notes_freq_modulation(Hz)	All_Syllables_notes_freq_modulation(Hz)	num_flat	num_upsweeps	num_downsweeps	num_parabolas	note_lengths	note_onsets	note_offsets	note_onsets_unrescaled	note_offsets_unrescaled	note_shapes	note_sizes
SegSyllsOutput_Pipilo-maculatus-103315_F1_bout1.gzip	1361.904761904762	18	0.013216783216783217	77.14285714285714	27.936507936507937	47.28395061728394	15.80732334148428	"[77.14285714 70.47619048 74.28571429 34.28571429 38.73015873 40.63492063
 39.04761905 39.04761905 39.04761905 40.         40.95238095 40.63492063
 29.84126984 61.26984127 27.93650794 56.19047619 35.23809524 66.34920635]"	"[1269 1768 2228 2584 2714 2856 3010 3164 3312 3463 3604 3763 4159 4350
 4665 4852 5165 5350]"	"[1512 1990 2462 2692 2836 2984 3133 3287 3435 3589 3733 3891 4253 4543
 4753 5029 5276 5559]"	0.31746031746031744	42.98245614035088	"[1269. 1768. 2228. 2584. 2714. 2856. 3010. 3164. 3312. 3463. 3604. 3763.
 4159. 4350. 4665. 4852. 5165. 5350.]"	"[1512. 1990. 2462. 2692. 2836. 2984. 3133. 3287. 3435. 3589. 3733. 3891.
 4253. 4543. 4753. 5029. 5276. 5559.]"	85.07936507936508	4.761904761904762	30.046685340802988	27.460992095683576	"[81.26984127 75.55555556 38.73015873  6.98412698  6.34920635  8.25396825
  9.84126984  7.93650794  8.88888889  4.76190476  9.52380952 85.07936508
 30.79365079 38.73015873 31.42857143 43.17460317 23.49206349]"	47.3	4	4.5	[0, 0, 0, 3, 3, 3, 3, 3, 3, 3, 3, 3, 12, 13, 12, 13, 12, 13]	0.5882352941176471	[79.470465   61.37884355 66.43256806 73.15825557]	70.11003304442954	7.888108468342458	6151.267056530213	3980.653021442494	7693.859649122807	2149.122807017544	5587.719298245614	"[4685.0877193  4642.10526316 4470.1754386  6576.31578947 6834.21052632
 7264.03508772 7392.98245614 7350.         7350.         7350.
 7693.85964912 7650.87719298 4255.26315789 6619.29824561 3911.40350877
 6404.38596491 3868.42105263 6404.38596491]"	"[3051.75438596 3051.75438596 2879.8245614  5200.87719298 5200.87719298
 4685.0877193  5071.92982456 4985.96491228 5028.94736842 4985.96491228
 4985.96491228 5157.89473684 2106.14035088 3352.63157895 2149.12280702
 3395.61403509 2149.12280702 3438.59649123]"	3266.6666666666665	1375.438596491228	2213.5964912280706	565.4900968737999	"[1633.33333333 1590.35087719 1590.35087719 1375.43859649 1633.33333333
 2578.94736842 2321.05263158 2364.03508772 2321.05263158 2364.03508772
 2707.89473684 2492.98245614 2149.12280702 3266.66666667 1762.28070175
 3008.77192982 1719.29824561 2965.78947368]"	25	46	2.5555555555555554	75.23809523809524	1.9047619047619047	16.956521739130434	20.031114464921423	"[ 8.88888889  9.20634921  7.61904762  6.98412698  1.9047619   2.22222222
  1.9047619  21.26984127 17.46031746 28.57142857 19.36507937 20.95238095
  3.49206349 26.98412698  5.07936508 21.26984127  4.76190476 18.41269841
  3.80952381  4.76190476 57.77777778 14.28571429  2.22222222  3.80952381
 43.17460317 66.34920635  3.17460317  3.80952381  5.07936508  3.49206349
  2.85714286 12.38095238 75.23809524 70.47619048  2.22222222 69.84126984
  8.57142857  3.17460317  8.25396825 10.47619048 11.74603175 13.33333333
 22.85714286 12.6984127  11.42857143  6.34920635]"	5787.681159420291	4552.402745995423	7693.859649122807	2149.122807017544	5587.719298245614	"[7693.85964912 7478.94736842 7435.96491228 7392.98245614 7350.
 7350.         7350.         7264.03508772 7221.05263158 7006.14035088
 6834.21052632 6791.22807018 6705.26315789 6705.26315789 6662.28070175
 6662.28070175 6662.28070175 6662.28070175 6619.29824561 6619.29824561
 6619.29824561 6576.31578947 6533.33333333 6447.36842105 6404.38596491
 6404.38596491 6146.49122807 5630.70175439 5630.70175439 5630.70175439
 5587.71929825 5157.89473684 4685.0877193  4642.10526316 4556.14035088
 4470.1754386  4255.26315789 4040.35087719 3911.40350877 3868.42105263
 3352.63157895 3352.63157895 3223.68421053 3180.70175439 2879.8245614
 2578.94736842]"	"[5501.75438596 5759.64912281 5587.71929825 5759.64912281 7049.12280702
 6963.15789474 7049.12280702 4685.0877193  5157.89473684 4985.96491228
 5200.87719298 5071.92982456 6103.50877193 5028.94736842 5716.66666667
 4985.96491228 5673.68421053 4985.96491228 5544.73684211 5286.84210526
 3352.63157895 5200.87719298 6060.52631579 5071.92982456 3395.61403509
 3438.59649123 5243.85964912 5458.77192982 5415.78947368 5458.77192982
 5458.77192982 3610.52631579 3051.75438596 3051.75438596 4341.22807018
 2879.8245614  2621.92982456 3868.42105263 2621.92982456 2621.92982456
 2235.0877193  2278.07017544 2106.14035088 2192.10526316 2149.12280702
 2149.12280702]"	3266.6666666666665	128.94736842105263	1278.2608695652173	790.4012725470801	"[2192.10526316 1719.29824561 1848.24561404 1633.33333333  300.87719298
  386.84210526  300.87719298 2578.94736842 2063.15789474 2020.1754386
 1633.33333333 1719.29824561  601.75438596 1676.31578947  945.61403509
 1676.31578947  988.59649123 1676.31578947 1074.56140351 1332.45614035
 3266.66666667 1375.43859649  472.80701754 1375.43859649 3008.77192982
 2965.78947368  902.63157895  171.92982456  214.9122807   171.92982456
  128.94736842 1547.36842105 1633.33333333 1590.35087719  214.9122807
 1590.35087719 1633.33333333  171.92982456 1289.47368421 1246.49122807
 1117.54385965 1074.56140351 1117.54385965  988.59649123  730.70175439
  429.8245614 ]"	6	20	11	9	"[ 8.88888889  9.20634921  7.61904762  6.98412698  1.9047619   2.22222222
  1.9047619  21.26984127 17.46031746 28.57142857 19.36507937 20.95238095
  3.49206349 26.98412698  5.07936508 21.26984127  4.76190476 18.41269841
  3.80952381  4.76190476 57.77777778 14.28571429  2.22222222  3.80952381
 43.17460317 66.34920635  3.17460317  3.80952381  5.07936508  3.49206349
  2.85714286 12.38095238 75.23809524 70.47619048  2.22222222 69.84126984
  8.57142857  3.17460317  8.25396825 10.47619048 11.74603175 13.33333333
 22.85714286 12.6984127  11.42857143  6.34920635]"	"[3612. 3925. 3762. 3012. 3179. 3326. 3479. 2917. 3833. 3665. 2772. 3068.
 3168. 3367. 2862. 3217. 3464. 3530. 3314. 3817. 4350. 2645. 2722. 3517.
 4852. 5350. 2632. 3293. 3590. 3898. 2997. 4990. 1269. 1768. 4536. 2228.
 4159. 2452. 4665. 5165. 4686. 5188. 4181. 5214. 4717. 5256.]"	"[3640. 3954. 3786. 3034. 3185. 3333. 3485. 2984. 3888. 3755. 2833. 3134.
 3179. 3452. 2878. 3284. 3479. 3588. 3326. 3832. 4532. 2690. 2729. 3529.
 4988. 5559. 2642. 3305. 3606. 3909. 3006. 5029. 1506. 1990. 4543. 2448.
 4186. 2462. 4691. 5198. 4723. 5230. 4253. 5254. 4753. 5276.]"	"[3612 3925 3762 3012 3179 3326 3479 2917 3833 3665 2772 3068 3168 3367
 2862 3217 3464 3530 3314 3817 4350 2645 2722 3517 4852 5350 2632 3293
 3590 3898 2997 4990 1269 1768 4536 2228 4159 2452 4665 5165 4686 5188
 4181 5214 4717 5256]"	"[3640 3954 3786 3034 3185 3333 3485 2984 3888 3755 2833 3134 3179 3452
 2878 3284 3479 3588 3326 3832 4532 2690 2729 3529 4988 5559 2642 3305
 3606 3909 3006 5029 1506 1990 4543 2448 4186 2462 4691 5198 4723 5230
 4253 5254 4753 5276]"	"['upsweep' 'upsweep3' 'upsweep2' 'upsweep2' 'upsweep3' 'parabola'
 'parabola' 'upsweep' 'downsweep' 'downsweep' 'upsweep' 'upsweep'
 'upsweep' 'downsweep' 'upsweep2' 'upsweep' 'upsweep2' 'downsweep'
 'upsweep2' 'downsweep' 'downsweep' 'downsweep' 'upsweep2' 'parabola'
 'downsweep' 'downsweep' 'parabola' 'parabola' 'parabola' 'parabola'
 'flat' 'downsweep' 'flat' 'flat' 'downsweep2' 'flat' 'upsweep' 'flat'
 'upsweep' 'parabola' 'upsweep' 'upsweep' 'upsweep' 'parabola' 'flat'
 'upsweep']"	"[ 1428  1160  1032   836    42    63    42  4020  2640  4230  2318  2640
   154  3315   352  2613   345  2262   300   465 13832  1440    77   384
  9520 14421   210    48    80    44    27  1404  9006  8214    35  8140
  1026    40   780   957   962  1050  1872   920   612   200]"
SegSyllsOutput_Pipilo-maculatus-103315_F1_bout4.gzip	1355.2380952380952	18	0.013281799016163037	70.15873015873015	27.619047619047617	45.22045855379188	14.000142795955396	"[68.25396825 67.3015873  70.15873016 37.46031746 36.19047619 38.73015873
 37.46031746 38.0952381  37.46031746 40.         40.         39.68253968
 27.61904762 58.0952381  28.57142857 54.28571429 33.01587302 61.58730159]"	"[ 820 1301 1758 2102 2252 2395 2547 2698 2846 2990 3149 3304 3674 3861
 4171 4369 4701 4895]"	"[1035 1513 1979 2220 2366 2517 2665 2818 2964 3116 3275 3429 3761 4044
 4261 4540 4805 5089]"	0.31746031746031744	42.98245614035088	"[ 820. 1301. 1758. 2102. 2252. 2395. 2547. 2698. 2846. 2990. 3149. 3304.
 3674. 3861. 4171. 4369. 4701. 4895.]"	"[1035. 1513. 1979. 2220. 2366. 2517. 2665. 2818. 2964. 3116. 3275. 3429.
 3761. 4044. 4261. 4540. 4805. 5089.]"	84.44444444444444	8.253968253968253	31.83940242763772	26.795739383418514	"[84.44444444 77.77777778 39.04761905 10.15873016  9.20634921  9.52380952
 10.47619048  8.88888889  8.25396825 10.47619048  9.20634921 77.77777778
 31.74603175 40.31746032 34.28571429 51.11111111 28.57142857]"	47.3	4	4.5	[0, 0, 0, 3, 3, 3, 3, 3, 3, 3, 3, 3, 12, 13, 12, 13, 12, 13]	0.5882352941176471	[78.95793967 64.48223195 71.33745025 71.19708665]	71.49367713206973	5.915740347370822	5874.269005847954	4035.5750487329447	7307.017543859649	2106.1403508771928	5243.859649122807	"[4685.0877193  4642.10526316 4599.12280702 6576.31578947 6533.33333333
 6748.24561404 6748.24561404 6705.26315789 6662.28070175 6662.28070175
 7178.07017544 7307.01754386 4212.28070175 6490.35087719 3868.42105263
 6146.49122807 3653.50877193 6318.42105263]"	"[2965.78947368 3094.73684211 3008.77192982 5200.87719298 5114.9122807
 5114.9122807  5071.92982456 5157.89473684 5114.9122807  5071.92982456
 5114.9122807  5114.9122807  2192.10526316 3395.61403509 2235.0877193
 3438.59649123 2063.15789474 3395.61403509]"	3094.7368421052633	1375.438596491228	1881.6764132553606	522.395867663072	"[1719.29824561 1547.36842105 1590.35087719 1375.43859649 1418.42105263
 1633.33333333 1676.31578947 1547.36842105 1547.36842105 1590.35087719
 2063.15789474 2192.10526316 2020.1754386  3094.73684211 1633.33333333
 2707.89473684 1590.35087719 2922.80701754]"	25	46	2.5555555555555554	70.15873015873015	1.5873015873015872	15.500345065562454	19.079961295367728	"[17.46031746 16.50793651 19.36507937  6.34920635  5.3968254   6.03174603
  5.3968254   5.71428571 17.14285714 17.14285714 17.46031746  5.3968254
 17.46031746  5.71428571 13.33333333  3.80952381  5.07936508 15.23809524
  3.49206349  1.9047619   3.49206349  3.49206349  2.85714286  2.85714286
 51.74603175  2.85714286 60.          1.58730159  3.49206349  4.44444444
 54.28571429  4.44444444  5.71428571 68.25396825 67.3015873  70.15873016
  7.61904762  8.57142857  7.3015873  13.65079365 10.79365079 12.6984127
 13.65079365 13.01587302 10.15873016  3.17460317]"	5672.749809305872	4552.402745995423	7049.122807017544	2106.1403508771928	4985.964912280701	"[7049.12280702 6748.24561404 6748.24561404 6748.24561404 6705.26315789
 6705.26315789 6705.26315789 6705.26315789 6705.26315789 6662.28070175
 6662.28070175 6662.28070175 6662.28070175 6619.29824561 6576.31578947
 6576.31578947 6533.33333333 6533.33333333 6533.33333333 6533.33333333
 6533.33333333 6533.33333333 6490.35087719 6490.35087719 6490.35087719
 6361.40350877 6318.42105263 6189.47368421 6146.49122807 6146.49122807
 6146.49122807 6103.50877193 5200.87719298 4685.0877193  4642.10526316
 4599.12280702 4212.28070175 3868.42105263 3653.50877193 3309.64912281
 3223.68421053 3137.71929825 3051.75438596 2879.8245614  2836.84210526
 2321.05263158]"	"[5114.9122807  5114.9122807  5071.92982456 5587.71929825 5802.63157895
 5802.63157895 5716.66666667 5673.68421053 5114.9122807  5157.89473684
 5114.9122807  5673.68421053 5071.92982456 5716.66666667 5200.87719298
 5630.70175439 5673.68421053 5114.9122807  5630.70175439 6275.43859649
 5673.68421053 5587.71929825 5716.66666667 5759.64912281 3395.61403509
 5888.59649123 3395.61403509 5759.64912281 5673.68421053 5931.57894737
 3438.59649123 5888.59649123 3911.40350877 2965.78947368 3094.73684211
 3008.77192982 2707.89473684 2664.9122807  2492.98245614 2278.07017544
 2235.0877193  2149.12280702 2235.0877193  2063.15789474 2192.10526316
 2063.15789474]"	3094.7368421052633	214.91228070175438	1163.3295194508007	637.4943528763393	"[1934.21052632 1633.33333333 1676.31578947 1160.52631579  902.63157895
  902.63157895  988.59649123 1031.57894737 1590.35087719 1504.38596491
 1547.36842105  988.59649123 1590.35087719  902.63157895 1375.43859649
  945.61403509  859.64912281 1418.42105263  902.63157895  257.89473684
  859.64912281  945.61403509  773.68421053  730.70175439 3094.73684211
  472.80701754 2922.80701754  429.8245614   472.80701754  214.9122807
 2707.89473684  214.9122807  1289.47368421 1719.29824561 1547.36842105
 1590.35087719 1504.38596491 1203.50877193 1160.52631579 1031.57894737
  988.59649123  988.59649123  816.66666667  816.66666667  644.73684211
  257.89473684]"	5	17	22	2	"[17.46031746 16.50793651 19.36507937  6.34920635  5.3968254   6.03174603
  5.3968254   5.71428571 17.14285714 17.14285714 17.46031746  5.3968254
 17.46031746  5.71428571 13.33333333  3.80952381  5.07936508 15.23809524
  3.49206349  1.9047619   3.49206349  3.49206349  2.85714286  2.85714286
 51.74603175  2.85714286 60.          1.58730159  3.49206349  4.44444444
 54.28571429  4.44444444  5.71428571 68.25396825 67.3015873  70.15873016
  7.61904762  8.57142857  7.3015873  13.65079365 10.79365079 12.6984127
 13.65079365 13.01587302 10.15873016  3.17460317]"	"[3372. 2467. 2603. 3306. 2400. 2547. 2698. 3149. 3219. 2763. 2911. 2998.
 3063. 2845. 2178. 3359. 2252. 2319. 2455. 2753. 2898. 3202. 3050. 3470.
 3861. 2308. 4895. 2167. 2751. 3264. 4369. 3418. 4026.  820. 1301. 1758.
 3674. 4171. 4701. 3694. 4195. 4723. 4218. 4752. 3729. 4795.]"	"[3427. 2519. 2664. 3326. 2417. 2566. 2715. 3167. 3273. 2817. 2966. 3015.
 3118. 2863. 2220. 3371. 2268. 2367. 2466. 2759. 2909. 3213. 3059. 3479.
 4024. 2317. 5084. 2172. 2762. 3278. 4540. 3432. 4044. 1035. 1513. 1979.
 3698. 4198. 4724. 3737. 4229. 4763. 4261. 4793. 3761. 4805.]"	"[3372 2467 2603 3306 2400 2547 2698 3149 3219 2763 2911 2998 3063 2845
 2178 3359 2252 2319 2455 2753 2898 3202 3050 3470 3861 2308 4895 2167
 2751 3264 4369 3418 4026  820 1301 1758 3674 4171 4701 3694 4195 4723
 4218 4752 3729 4795]"	"[3427 2519 2664 3326 2417 2566 2715 3167 3273 2817 2966 3015 3118 2863
 2220 3371 2268 2367 2466 2759 2909 3213 3059 3479 4024 2317 5084 2172
 2762 3278 4540 3432 4044 1035 1513 1979 3698 4198 4724 3737 4229 4763
 4261 4793 3761 4805]"	"['downsweep' 'downsweep' 'downsweep' 'upsweep2' 'upsweep2' 'upsweep'
 'upsweep' 'upsweep2' 'downsweep' 'downsweep' 'downsweep' 'upsweep2'
 'downsweep' 'upsweep' 'downsweep' 'downsweep' 'upsweep3' 'downsweep'
 'downsweep2' 'parabola' 'downsweep3' 'downsweep2' 'downsweep2' 'upsweep3'
 'downsweep' 'downsweep2' 'downsweep' 'downsweep2' 'downsweep2' 'flat'
 'downsweep' 'parabola' 'downsweep3' 'flat' 'flat' 'flat' 'upsweep'
 'upsweep3' 'upsweep' 'upsweep' 'upsweep' 'upsweep' 'downsweep' 'flat'
 'upsweep' 'upsweep3']"	"[ 2475  1976  2379   540   357   399   391   432  1998  1890  1980   391
  2035   378  1344   264   320  1584   231    36   220   242   162   153
 11736    99 12852    50   121    70 10773    70   540  8600  7632  8177
   840   756   621  1032   782   920   817   779   480    60]"
SegSyllsOutput_Pipilo-maculatus-103315_F1_bout2.gzip	1378.4126984126983	19	0.013783970520497468	77.77777777777777	26.666666666666664	46.11528822055138	15.886358450526082	"[76.82539683 68.25396825 77.77777778 36.82539683 39.04761905 40.63492063
 40.63492063 39.04761905 38.0952381  39.68253968 39.68253968 39.68253968
 37.14285714 29.20634921 61.26984127 26.66666667 60.         27.3015873
 58.41269841]"	"[ 843 1332 1772 2120 2258 2403 2548 2702 2854 3009 3172 3321 3486 3807
 3994 4301 4495 4810 5001]"	"[1085 1547 2017 2236 2381 2531 2676 2825 2974 3134 3297 3446 3603 3899
 4187 4385 4684 4896 5185]"	0.31746031746031744	42.98245614035088	"[ 843. 1332. 1772. 2120. 2258. 2403. 2548. 2702. 2854. 3009. 3172. 3321.
 3486. 3807. 3994. 4301. 4495. 4810. 5001.]"	"[1085. 1547. 2017. 2236. 2381. 2531. 2676. 2825. 2974. 3134. 3297. 3446.
 3603. 3899. 4187. 4385. 4684. 4896. 5185.]"	78.4126984126984	5.396825396825396	27.901234567901234	23.53842269783279	"[78.41269841 71.42857143 32.6984127   6.98412698  6.98412698  5.3968254
  8.25396825  9.20634921 11.11111111 12.06349206  7.61904762 12.6984127
 64.76190476 30.15873016 36.19047619 34.92063492 40.         33.33333333]"	47.3	4	4.75	[0, 0, 0, 3, 3, 3, 3, 3, 3, 3, 3, 3, 3, 13, 14, 13, 14, 13, 14]	0.6111111111111112	[78.0750075  59.7949729  77.08648912 77.45684823]	73.10332943543818	8.881603145003169	6110.295475530931	4119.5290858725775	7693.859649122807	2192.1052631578946	5544.736842105263	"[4728.07017544 4556.14035088 4599.12280702 6533.33333333 6662.28070175
 6877.19298246 6748.24561404 6705.26315789 7221.05263158 7478.94736842
 7650.87719298 7693.85964912 7521.92982456 4040.35087719 6533.33333333
 3911.40350877 6232.45614035 3997.36842105 6404.38596491]"	"[3008.77192982 3008.77192982 3008.77192982 5114.9122807  5071.92982456
 5114.9122807  5157.89473684 4985.96491228 5243.85964912 5286.84210526
 5200.87719298 5200.87719298 5200.87719298 2149.12280702 3524.56140351
 2192.10526316 3395.61403509 2149.12280702 3438.59649123]"	3008.7719298245615	1418.421052631579	2033.7488457987079	504.9402301187351	"[1719.29824561 1547.36842105 1590.35087719 1418.42105263 1590.35087719
 1762.28070175 1590.35087719 1719.29824561 1977.19298246 2192.10526316
 2450.         2492.98245614 2321.05263158 1891.22807018 3008.77192982
 1719.29824561 2836.84210526 1848.24561404 2965.78947368]"	25	45	2.3684210526315788	69.84126984126983	2.2222222222222223	16.317460317460313	19.189395400896387	"[ 9.84126984 10.15873016  7.3015873   7.61904762 20.31746032 19.04761905
 16.82539683 16.82539683 20.31746032 16.82539683 16.50793651  5.3968254
 14.28571429 14.92063492  5.71428571  5.07936508  5.3968254   3.17460317
  4.12698413 13.65079365 55.23809524  2.85714286  3.49206349  2.22222222
  3.49206349 58.41269841  3.49206349 53.96825397  2.85714286  3.17460317
  5.07936508  4.12698413 69.84126984 69.20634921 68.25396825  7.93650794
  7.61904762  7.93650794  3.17460317 11.74603175 13.65079365 12.38095238
 11.74603175 10.47619048  8.57142857]"	5800.721247563353	4513.157894736842	7693.859649122807	2192.1052631578946	5544.736842105263	"[7693.85964912 7650.87719298 7521.92982456 7478.94736842 7307.01754386
 7221.05263158 7178.07017544 6877.19298246 6791.22807018 6748.24561404
 6705.26315789 6705.26315789 6705.26315789 6662.28070175 6619.29824561
 6619.29824561 6619.29824561 6619.29824561 6576.31578947 6533.33333333
 6533.33333333 6490.35087719 6490.35087719 6447.36842105 6404.38596491
 6404.38596491 6361.40350877 6232.45614035 6189.47368421 6146.49122807
 5286.84210526 5071.92982456 4728.07017544 4599.12280702 4556.14035088
 4040.35087719 3997.36842105 3911.40350877 3868.42105263 3266.66666667
 3223.68421053 3180.70175439 3180.70175439 2879.8245614  2707.89473684]"	"[5630.70175439 5544.73684211 5458.77192982 5544.73684211 5200.87719298
 5286.84210526 5200.87719298 5114.9122807  5243.85964912 5157.89473684
 4985.96491228 5716.66666667 5200.87719298 5071.92982456 5501.75438596
 5759.64912281 5845.61403509 5931.57894737 5544.73684211 5114.9122807
 3524.56140351 5974.56140351 5544.73684211 6146.49122807 5630.70175439
 3438.59649123 5587.71929825 3395.61403509 5587.71929825 5931.57894737
 4126.31578947 4212.28070175 3008.77192982 3008.77192982 3008.77192982
 2750.87719298 2664.9122807  2664.9122807  3696.49122807 2149.12280702
 2235.0877193  2235.0877193  2235.0877193  2149.12280702 2192.10526316]"	3008.7719298245615	171.9298245614035	1330.5458089668616	683.4908160332183	"[2063.15789474 2106.14035088 2063.15789474 1934.21052632 2106.14035088
 1934.21052632 1977.19298246 1762.28070175 1547.36842105 1590.35087719
 1719.29824561  988.59649123 1504.38596491 1590.35087719 1117.54385965
  859.64912281  773.68421053  687.71929825 1031.57894737 1418.42105263
 3008.77192982  515.78947368  945.61403509  300.87719298  773.68421053
 2965.78947368  773.68421053 2836.84210526  601.75438596  214.9122807
 1160.52631579  859.64912281 1719.29824561 1590.35087719 1547.36842105
 1289.47368421 1332.45614035 1246.49122807  171.92982456 1117.54385965
  988.59649123  945.61403509  945.61403509  730.70175439  515.78947368]"	4	19	19	3	"[ 9.84126984 10.15873016  7.3015873   7.61904762 20.31746032 19.04761905
 16.82539683 16.82539683 20.31746032 16.82539683 16.50793651  5.3968254
 14.28571429 14.92063492  5.71428571  5.07936508  5.3968254   3.17460317
  4.12698413 13.65079365 55.23809524  2.85714286  3.49206349  2.22222222
  3.49206349 58.41269841  3.49206349 53.96825397  2.85714286  3.17460317
  5.07936508  4.12698413 69.84126984 69.20634921 68.25396825  7.93650794
  7.61904762  7.93650794  3.17460317 11.74603175 13.65079365 12.38095238
 11.74603175 10.47619048  8.57142857]"	"[3325. 3173. 3488. 3013. 3383. 3076. 3244. 2475. 2908. 2620. 2770. 2855.
 3558. 2333. 2408. 2554. 2702. 3229. 2463. 2193. 3994. 2267. 2610. 3543.
 2757. 5001. 2319. 4495. 2180. 3439. 4171. 4671.  843. 1772. 1332. 3807.
 4810. 4301. 2007. 3862. 3830. 4325. 4833. 4863. 4358.]"	"[3356. 3205. 3511. 3037. 3447. 3136. 3297. 2528. 2972. 2673. 2822. 2872.
 3603. 2380. 2426. 2570. 2719. 3239. 2476. 2236. 4168. 2276. 2621. 3550.
 2768. 5185. 2330. 4665. 2189. 3449. 4187. 4684. 1063. 1990. 1547. 3832.
 4834. 4326. 2017. 3899. 3873. 4364. 4870. 4896. 4385.]"	"[3325 3173 3488 3013 3383 3076 3244 2475 2908 2620 2770 2855 3558 2333
 2408 2554 2702 3229 2463 2193 3994 2267 2610 3543 2757 5001 2319 4495
 2180 3439 4171 4671  843 1772 1332 3807 4810 4301 2007 3862 3830 4325
 4833 4863 4358]"	"[3356 3205 3511 3037 3447 3136 3297 2528 2972 2673 2822 2872 3603 2380
 2426 2570 2719 3239 2476 2236 4168 2276 2621 3550 2768 5185 2330 4665
 2189 3449 4187 4684 1063 1990 1547 3832 4834 4326 2017 3899 3873 4364
 4870 4896 4385]"	"['upsweep2' 'upsweep2' 'upsweep2' 'upsweep2' 'flat' 'downsweep'
 'downsweep' 'downsweep' 'upsweep' 'downsweep' 'downsweep' 'upsweep2'
 'downsweep' 'downsweep' 'upsweep3' 'parabola' 'upsweep2' 'upsweep2'
 'downsweep2' 'downsweep' 'downsweep' 'upsweep2' 'downsweep2' 'downsweep'
 'downsweep2' 'downsweep' 'downsweep2' 'downsweep' 'downsweep2' 'parabola'
 'downsweep3' 'downsweep3' 'flat' 'flat' 'flat' 'upsweep' 'upsweep'
 'upsweep' 'parabola' 'upsweep2' 'upsweep' 'upsweep' 'upsweep' 'upsweep2'
 'upsweep']"	"[ 1488  1568  1104  1080  3136  2700  2438  2173  2304  1961  2080   391
  1575  1739   468   320   306   160   312  1419 12180   108   242    49
   198 12696   198 11220   126    50   432   260  8800  8066  7740   750
   744   725    40   962   989   858   814   561   324]"
SegSyllsOutput_Pipilo-maculatus-103315_F1_bout3.gzip	1344.7619047619046	18	0.013385269121813034	77.14285714285714	26.984126984126984	46.4373897707231	16.387120038222164	"[69.20634921 75.87301587 77.14285714 38.0952381  37.14285714 37.77777778
 41.58730159 37.77777778 37.46031746 39.04761905 39.04761905 40.
 27.93650794 57.77777778 26.98412698 60.         28.57142857 64.44444444]"	"[ 794 1282 1744 2075 2225 2372 2516 2673 2826 2978 3131 3284 3631 3819
 4131 4324 4636 4827]"	"[1012 1521 1987 2195 2342 2491 2647 2792 2944 3101 3254 3410 3719 4001
 4216 4513 4726 5030]"	0.31746031746031744	42.98245614035088	"[ 794. 1282. 1744. 2075. 2225. 2372. 2516. 2673. 2826. 2978. 3131. 3284.
 3631. 3819. 4131. 4324. 4636. 4827.]"	"[1012. 1521. 1987. 2195. 2342. 2491. 2647. 2792. 2944. 3101. 3254. 3410.
 3719. 4001. 4216. 4513. 4726. 5030.]"	85.71428571428571	7.936507936507936	29.934640522875814	24.992759018353453	"[85.71428571 70.79365079 27.93650794  9.52380952  9.52380952  7.93650794
  8.25396825 10.79365079 10.79365079  9.52380952  9.52380952 70.15873016
 31.74603175 41.26984127 34.28571429 39.04761905 32.06349206]"	47.3	4	4.5	[0, 0, 0, 3, 3, 3, 3, 3, 3, 3, 3, 3, 12, 13, 12, 13, 12, 13]	0.5882352941176471	[80.51730468 65.3048212  71.07841919 65.56592262]	70.61661692287649	7.117152197298683	6120.224171539962	4052.29044834308	7564.912280701754	2149.122807017544	5458.771929824561	"[4685.0877193  4599.12280702 4427.19298246 6619.29824561 7178.07017544
 7564.9122807  7435.96491228 7350.         7178.07017544 7264.03508772
 7521.92982456 7392.98245614 4083.33333333 6533.33333333 3739.47368421
 6232.45614035 4126.31578947 6232.45614035]"	"[3008.77192982 2922.80701754 2922.80701754 5114.9122807  5157.89473684
 5200.87719298 5200.87719298 5157.89473684 5200.87719298 5200.87719298
 5200.87719298 5157.89473684 2106.14035088 3481.57894737 2149.12280702
 3438.59649123 2149.12280702 3395.61403509]"	3051.754385964912	1504.3859649122808	2110.916179337232	451.980838592866	"[1676.31578947 1676.31578947 1504.38596491 1504.38596491 2020.1754386
 2364.03508772 2235.0877193  2192.10526316 1977.19298246 2063.15789474
 2321.05263158 2235.0877193  1977.19298246 3051.75438596 1590.35087719
 2793.85964912 1977.19298246 2836.84210526]"	25	40	2.2222222222222223	75.87301587301587	2.2222222222222223	17.825396825396826	21.04806042050649	"[ 7.3015873   2.85714286  7.61904762  7.61904762  2.22222222 15.87301587
 14.28571429 19.04761905 16.19047619 20.31746032 16.50793651 20.31746032
  5.3968254   5.71428571 15.87301587  4.12698413 13.96825397  4.44444444
  4.76190476  4.44444444  4.76190476  3.80952381 57.77777778  3.80952381
  3.49206349  2.85714286 53.96825397 64.44444444  4.76190476 69.20634921
 75.87301587 69.52380952  7.3015873   8.57142857  7.3015873  11.42857143
 13.96825397 21.26984127 10.79365079  9.20634921]"	5936.951754385965	4576.557017543861	7564.912280701754	2149.122807017544	5458.771929824561	"[7564.9122807  7521.92982456 7435.96491228 7392.98245614 7350.
 7221.05263158 7178.07017544 7178.07017544 7178.07017544 7178.07017544
 6920.1754386  6834.21052632 6705.26315789 6705.26315789 6662.28070175
 6662.28070175 6619.29824561 6576.31578947 6576.31578947 6576.31578947
 6576.31578947 6533.33333333 6533.33333333 6490.35087719 6490.35087719
 6361.40350877 6232.45614035 6232.45614035 4814.03508772 4685.0877193
 4599.12280702 4427.19298246 4126.31578947 4083.33333333 3739.47368421
 3266.66666667 3223.68421053 3223.68421053 3008.77192982 2793.85964912]"	"[5845.61403509 6834.21052632 5630.70175439 5501.75438596 6877.19298246
 5200.87719298 5157.89473684 5200.87719298 5200.87719298 5157.89473684
 5157.89473684 5200.87719298 5673.68421053 5630.70175439 5286.84210526
 5845.61403509 5114.9122807  5587.71929825 5716.66666667 5501.75438596
 5415.78947368 5544.73684211 3481.57894737 5587.71929825 5544.73684211
 5630.70175439 3438.59649123 3395.61403509 4341.22807018 3008.77192982
 2922.80701754 2922.80701754 2664.9122807  2664.9122807  2621.92982456
 2278.07017544 2149.12280702 2149.12280702 2106.14035088 2149.12280702]"	3051.754385964912	472.8070175438596	1403.377192982456	624.5117593248509	"[1719.29824561  687.71929825 1805.26315789 1891.22807018  472.80701754
 2020.1754386  2020.1754386  1977.19298246 1977.19298246 2020.1754386
 1762.28070175 1633.33333333 1031.57894737 1074.56140351 1375.43859649
  816.66666667 1504.38596491  988.59649123  859.64912281 1074.56140351
 1160.52631579  988.59649123 3051.75438596  902.63157895  945.61403509
  730.70175439 2793.85964912 2836.84210526  472.80701754 1676.31578947
 1676.31578947 1504.38596491 1461.40350877 1418.42105263 1117.54385965
  988.59649123 1074.56140351 1074.56140351  902.63157895  644.73684211]"	7	18	13	2	"[ 7.3015873   2.85714286  7.61904762  7.61904762  2.22222222 15.87301587
 14.28571429 19.04761905 16.19047619 20.31746032 16.50793651 20.31746032
  5.3968254   5.71428571 15.87301587  4.12698413 13.96825397  4.44444444
  4.76190476  4.44444444  4.76190476  3.80952381 57.77777778  3.80952381
  3.49206349  2.85714286 53.96825397 64.44444444  4.76190476 69.20634921
 75.87301587 69.52380952  7.3015873   8.57142857  7.3015873  11.42857143
 13.96825397 21.26984127 10.79365079  9.20634921]"	"[2374. 3143. 2523. 3289. 2689. 3200. 2295. 2429. 3047. 3346. 2743. 2577.
 2677. 3131. 2893. 2979. 2152. 2231. 2828. 2879. 3184. 2729. 3819. 2283.
 3032. 2142. 4324. 4827. 4498.  794. 1282. 1744. 4636. 3631. 4131. 4154.
 3653. 4659. 3685. 4187.]"	"[2397. 3152. 2547. 3313. 2696. 3250. 2340. 2489. 3098. 3410. 2795. 2641.
 2694. 3149. 2943. 2992. 2196. 2245. 2843. 2893. 3199. 2741. 4001. 2295.
 3043. 2151. 4494. 5030. 4513. 1012. 1521. 1963. 4659. 3658. 4154. 4190.
 3697. 4726. 3719. 4216.]"	"[2374 3143 2523 3289 2689 3200 2295 2429 3047 3346 2743 2577 2677 3131
 2893 2979 2152 2231 2828 2879 3184 2729 3819 2283 3032 2142 4324 4827
 4498  794 1282 1744 4636 3631 4131 4154 3653 4659 3685 4187]"	"[2397 3152 2547 3313 2696 3250 2340 2489 3098 3410 2795 2641 2694 3149
 2943 2992 2196 2245 2843 2893 3199 2741 4001 2295 3043 2151 4494 5030
 4513 1012 1521 1963 4659 3658 4154 4190 3697 4726 3719 4216]"	"['upsweep2' 'upsweep' 'upsweep2' 'upsweep2' 'upsweep3' 'downsweep'
 'downsweep' 'upsweep' 'downsweep' 'flat' 'downsweep' 'upsweep' 'upsweep'
 'upsweep2' 'downsweep' 'upsweep2' 'downsweep' 'upsweep2' 'upsweep'
 'downsweep2' 'downsweep3' 'parabola' 'downsweep' 'downsweep2' 'downsweep'
 'parabola' 'downsweep' 'downsweep' 'flat' 'flat' 'flat' 'flat' 'upsweep2'
 'upsweep3' 'upsweep3' 'upsweep' 'upsweep' 'flat' 'upsweep2' 'flat']"	"[  920   144  1008  1056    77  2350  2115  2760  2346  3008  2132  2432
   408   450  1600   247  1540   322   300   350   405   276 12922   252
   242   153 11050 13398   165  8502  9321  7665   782   891   598   828
  1100  1675   714   435]"
