FileName	bout_duration(ms)	num_syllables	num_syllable_per_bout_duration(1/ms)	largest_syllable_duration(ms)	smallest_syllable_duration(ms)	avg_syllable_duration(ms)	std_syllable_duration(ms)	All_Syllables_syllable_duration(ms)	onsets	offsets	ms_per_pixel	hz_per_pixel	onsets_rescaled	offsets_rescaled	largest_silence_duration(ms)	smallest_silence_duration(ms)	avg_silence_duration(ms)	std_silence_duration(ms)	All_Syllables_silence_duration(ms)	syll_correlation_threshold	num_unique_syllables	num_syllables_per_num_unique	syllable_pattern	sequential_repetition	syllable_stereotypy	mean_syllable_stereotypy	std_syllable_stereotypy	avg_sylls_upper_freq(Hz)	avg_sylls_lower_freq(Hz)	max_sylls_freq(Hz)	min_sylls_freq(Hz)	overall_sylls_freq_range(Hz)	All_Syllables_sylls_Upper_Freq_(Hz)	All_Syllables_sylls_Lower_Freq_(Hz)	largest_sylls_freq_modulation(Hz)	smallest_sylls_freq_modulation(Hz)	avg_sylls_freq_modulation(Hz)	std_sylls_freq_modulation(Hz)	All_Syllables_sylls_freq_modulation(Hz)	note_size_threshold	num_notes	num_notes_per_syll	largest_note_duration(ms)	smallest_note_duration(ms)	avg_note_duration(ms)	std_note_duration(ms)	All_Syllables_note_duration(ms)	avg_notes_upper_freq(Hz)	avg_notes_lower_freq(Hz)	max_notes_freq(Hz)	min_notes_freq(Hz)	overall_notes_freq_range(Hz)	All_Syllables_notes_Upper_Freq_(Hz)	All_Syllables_notes_Lower_Freq_(Hz)	largest_notes_freq_modulation(Hz)	smallest_notes_freq_modulation(Hz)	avg_notes_freq_modulation(Hz)	std_notes_freq_modulation(Hz)	All_Syllables_notes_freq_modulation(Hz)	num_flat	num_upsweeps	num_downsweeps	num_parabolas	note_lengths	note_onsets	note_offsets	note_onsets_unrescaled	note_offsets_unrescaled	note_shapes	note_sizes
SegSyllsOutput_Junco-hyemalis-139623_F1_bout3.gzip	1469.8412698412696	20	0.013606911447084235	92.6984126984127	40.0	53.88888888888888	16.690359894418275	"[40.         47.93650794 48.57142857 51.74603175 49.84126984 48.57142857
 47.93650794 48.88888889 48.25396825 47.3015873  44.76190476 47.61904762
 48.57142857 48.88888889 50.15873016 40.63492063 42.22222222 90.79365079
 92.38095238 92.6984127 ]"	"[ 645  844 1060 1286 1504 1722 1939 2150 2363 2567 2776 2989 3202 3413
 3629 3853 4065 4284 4616 4983]"	"[ 771  995 1213 1449 1661 1875 2090 2304 2515 2716 2917 3139 3355 3567
 3787 3981 4198 4570 4907 5275]"	0.31746031746031744	42.98245614035088	"[ 645.  844. 1060. 1286. 1504. 1722. 1939. 2150. 2363. 2567. 2776. 2989.
 3202. 3413. 3629. 3853. 4065. 4284. 4616. 4983.]"	"[ 771.  995. 1213. 1449. 1661. 1875. 2090. 2304. 2515. 2716. 2917. 3139.
 3355. 3567. 3787. 3981. 4198. 4570. 4907. 5275.]"	27.3015873015873	14.603174603174603	20.634920634920633	3.2581596440932596	"[23.17460317 20.63492063 23.17460317 17.46031746 19.36507937 20.31746032
 19.04761905 18.73015873 16.50793651 19.04761905 22.85714286 20.
 18.41269841 19.68253968 20.95238095 26.66666667 27.3015873  14.6031746
 24.12698413]"	47.3	2	10.0	[0, 0, 0, 0, 0, 0, 0, 0, 0, 0, 0, 0, 0, 0, 0, 0, 0, 17, 17, 17]	0.9473684210526315	[64.07018663 50.63300014]	57.35159338369646	9.501525691858143	6271.140350877192	4616.315789473683	6963.157894736842	3524.561403508772	3481.578947368421	"[6017.54385965 6232.45614035 6189.47368421 6232.45614035 6189.47368421
 6017.54385965 6189.47368421 6146.49122807 6189.47368421 6146.49122807
 6232.45614035 6232.45614035 6189.47368421 6146.49122807 6060.52631579
 6146.49122807 6060.52631579 6877.19298246 6963.15789474 6963.15789474]"	"[4728.07017544 4771.05263158 4814.03508772 4942.98245614 4771.05263158
 4771.05263158 4728.07017544 4771.05263158 4728.07017544 4814.03508772
 4728.07017544 4685.0877193  4685.0877193  4642.10526316 4685.0877193
 4771.05263158 4728.07017544 3739.47368421 3481.57894737 3481.57894737]"	3481.578947368421	1246.4912280701753	1697.80701754386	726.8324035556831	"[1289.47368421 1461.40350877 1375.43859649 1289.47368421 1418.42105263
 1246.49122807 1461.40350877 1375.43859649 1461.40350877 1332.45614035
 1504.38596491 1547.36842105 1504.38596491 1504.38596491 1375.43859649
 1375.43859649 1332.45614035 3137.71929825 3481.57894737 3481.57894737]"	25	69	3.45	28.253968253968253	2.2222222222222223	12.877846790890265	8.162692593187188	"[ 2.85714286  5.71428571  3.49206349 19.36507937 17.46031746 16.50793651
 18.0952381  21.9047619  19.04761905 22.22222222 16.82539683 17.14285714
 16.19047619 18.0952381  18.0952381  24.12698413 26.34920635 26.66666667
 19.36507937 17.77777778 17.77777778 15.87301587 19.36507937 20.31746032
 18.41269841 19.04761905 19.68253968 17.77777778 17.77777778 17.77777778
 16.82539683 19.36507937 19.04761905 20.95238095 15.55555556 15.87301587
 18.41269841 14.28571429 18.0952381   6.66666667  3.80952381  4.12698413
  3.49206349  3.80952381  3.80952381  9.20634921  5.3968254   2.53968254
  8.25396825  3.80952381  2.22222222  2.85714286  2.53968254  2.22222222
 26.34920635  3.49206349  6.03174603  3.80952381  4.76190476  2.22222222
  5.3968254   2.22222222  3.49206349 28.25396825 28.25396825  3.17460317
 10.47619048  4.12698413  2.22222222]"	5803.25451309433	4893.770658530384	6963.157894736842	3524.561403508772	3481.578947368421	"[6963.15789474 6963.15789474 6877.19298246 6318.42105263 6232.45614035
 6232.45614035 6232.45614035 6232.45614035 6232.45614035 6232.45614035
 6189.47368421 6189.47368421 6189.47368421 6189.47368421 6189.47368421
 6189.47368421 6189.47368421 6189.47368421 6189.47368421 6189.47368421
 6189.47368421 6146.49122807 6146.49122807 6146.49122807 6146.49122807
 6146.49122807 6146.49122807 6146.49122807 6103.50877193 6060.52631579
 6060.52631579 6060.52631579 6060.52631579 6017.54385965 6017.54385965
 6017.54385965 6017.54385965 5974.56140351 5974.56140351 5974.56140351
 5845.61403509 5845.61403509 5587.71929825 5587.71929825 5587.71929825
 5501.75438596 5501.75438596 5415.78947368 5415.78947368 5415.78947368
 5329.8245614  5286.84210526 5286.84210526 5243.85964912 5243.85964912
 5200.87719298 5200.87719298 5200.87719298 5157.89473684 5157.89473684
 5157.89473684 5157.89473684 5157.89473684 5157.89473684 5114.9122807
 4728.07017544 4728.07017544 4685.0877193  4556.14035088]"	"[6705.26315789 6705.26315789 6490.35087719 4900.         4771.05263158
 4942.98245614 4942.98245614 4728.07017544 4685.0877193  4685.0877193
 4814.03508772 4857.01754386 4771.05263158 4771.05263158 4728.07017544
 4728.07017544 4771.05263158 4771.05263158 4771.05263158 4685.0877193
 4942.98245614 4814.03508772 4814.03508772 4814.03508772 4814.03508772
 4728.07017544 4642.10526316 4771.05263158 4728.07017544 4771.05263158
 4685.0877193  4685.0877193  4814.03508772 4728.07017544 4771.05263158
 4857.01754386 4814.03508772 4814.03508772 4728.07017544 3696.49122807
 4900.         4771.05263158 5243.85964912 5329.8245614  5372.80701754
 4857.01754386 5157.89473684 5243.85964912 5071.92982456 5200.87719298
 5071.92982456 5028.94736842 5028.94736842 5028.94736842 3739.47368421
 4942.98245614 4900.         4942.98245614 4942.98245614 4942.98245614
 4985.96491228 4985.96491228 4900.         3481.57894737 3481.57894737
 4513.15789474 4427.19298246 4470.1754386  4083.33333333]"	2278.0701754385964	171.9298245614035	952.4663107042971	570.4945775778202	"[ 257.89473684  257.89473684  386.84210526 1418.42105263 1461.40350877
 1289.47368421 1289.47368421 1504.38596491 1547.36842105 1547.36842105
 1375.43859649 1332.45614035 1418.42105263 1418.42105263 1461.40350877
 1461.40350877 1418.42105263 1418.42105263 1418.42105263 1504.38596491
 1246.49122807 1332.45614035 1332.45614035 1332.45614035 1332.45614035
 1418.42105263 1504.38596491 1375.43859649 1375.43859649 1289.47368421
 1375.43859649 1375.43859649 1246.49122807 1289.47368421 1246.49122807
 1160.52631579 1203.50877193 1160.52631579 1246.49122807 2278.07017544
  945.61403509 1074.56140351  343.85964912  257.89473684  214.9122807
  644.73684211  343.85964912  171.92982456  343.85964912  214.9122807
  257.89473684  257.89473684  257.89473684  214.9122807  1504.38596491
  257.89473684  300.87719298  257.89473684  214.9122807   214.9122807
  171.92982456  171.92982456  257.89473684 1676.31578947 1633.33333333
  214.9122807   300.87719298  214.9122807   472.80701754]"	4	8	46	11	"[ 2.85714286  5.71428571  3.49206349 19.36507937 17.46031746 16.50793651
 18.0952381  21.9047619  19.04761905 22.22222222 16.82539683 17.14285714
 16.19047619 18.0952381  18.0952381  24.12698413 26.34920635 26.66666667
 19.36507937 17.77777778 17.77777778 15.87301587 19.36507937 20.31746032
 18.41269841 19.04761905 19.68253968 17.77777778 17.77777778 17.77777778
 16.82539683 19.36507937 19.04761905 20.95238095 15.55555556 15.87301587
 18.41269841 14.28571429 18.0952381   6.66666667  3.80952381  4.12698413
  3.49206349  3.80952381  3.80952381  9.20634921  5.3968254   2.53968254
  8.25396825  3.80952381  2.22222222  2.85714286  2.53968254  2.22222222
 26.34920635  3.49206349  6.03174603  3.80952381  4.76190476  2.22222222
  5.3968254   2.22222222  3.49206349 28.25396825 28.25396825  3.17460317
 10.47619048  4.12698413  2.22222222]"	"[4776. 5146. 4432. 4493.  912. 1286. 1356. 2848. 3058. 5205. 1060. 1129.
 1504. 1572. 2004. 2431. 2776. 2989. 3202. 3278. 4843.  844. 2219. 2567.
 2635. 3413. 3487. 3921. 2363. 2150. 3629. 3701. 4138.  705. 1794. 1939.
 3853. 1722. 4065. 5119. 4417. 4757. 1202. 2078. 2292.  645.  978. 1123.
 1423. 2697. 1868. 1140. 2009. 2709. 4284. 1578. 3481. 3775. 2221. 3132.
 3272. 3560. 3701. 4624. 4988. 4691. 5055. 4714. 4756.]"	"[4785. 5164. 4443. 4554.  967. 1338. 1413. 2917. 3118. 5275. 1113. 1183.
 1555. 1629. 2061. 2507. 2859. 3073. 3263. 3334. 4899.  894. 2280. 2631.
 2693. 3473. 3549. 3977. 2419. 2206. 3682. 3762. 4198.  771. 1843. 1989.
 3911. 1767. 4122. 5140. 4429. 4770. 1213. 2090. 2304.  674.  995. 1131.
 1449. 2709. 1875. 1149. 2017. 2716. 4367. 1589. 3500. 3787. 2236. 3139.
 3289. 3567. 3712. 4713. 5077. 4701. 5088. 4727. 4763.]"	"[4776 5146 4432 4493  912 1286 1356 2848 3058 5205 1060 1129 1504 1572
 2004 2431 2776 2989 3202 3278 4843  844 2219 2567 2635 3413 3487 3921
 2363 2150 3629 3701 4138  705 1794 1939 3853 1722 4065 5119 4417 4757
 1202 2078 2292  645  978 1123 1423 2697 1868 1140 2009 2709 4284 1578
 3481 3775 2221 3132 3272 3560 3701 4624 4988 4691 5055 4714 4756]"	"[4785 5164 4443 4554  967 1338 1413 2917 3118 5275 1113 1183 1555 1629
 2061 2507 2859 3073 3263 3334 4899  894 2280 2631 2693 3473 3549 3977
 2419 2206 3682 3762 4198  771 1843 1989 3911 1767 4122 5140 4429 4770
 1213 2090 2304  674  995 1131 1449 2709 1875 1149 2017 2716 4367 1589
 3500 3787 2236 3139 3289 3567 3712 4713 5077 4701 5088 4727 4763]"	"['upsweep2' 'upsweep' 'upsweep3' 'downsweep' 'downsweep' 'downsweep'
 'downsweep' 'downsweep' 'downsweep' 'downsweep' 'downsweep' 'downsweep'
 'downsweep' 'downsweep' 'downsweep' 'downsweep' 'downsweep' 'downsweep'
 'downsweep' 'downsweep' 'downsweep' 'downsweep' 'downsweep' 'downsweep'
 'downsweep' 'downsweep' 'downsweep' 'downsweep' 'downsweep' 'downsweep'
 'downsweep' 'downsweep' 'downsweep' 'downsweep' 'downsweep' 'downsweep'
 'downsweep' 'downsweep' 'downsweep' 'upsweep3' 'upsweep' 'upsweep3'
 'upsweep3' 'downsweep2' 'downsweep3' 'downsweep' 'parabola' 'parabola'
 'downsweep' 'parabola' 'parabola' 'parabola' 'parabola' 'parabola' 'flat'
 'downsweep2' 'flat' 'parabola' 'flat' 'parabola' 'flat' 'parabola'
 'downsweep' 'downsweep' 'downsweep' 'parabola' 'downsweep' 'upsweep2'
 'downsweep']"	"[  54  108   99 2013 1870 1560 1710 2415 2160 2520 1696 1674 1683 1881
 1938 2584 2739 2772 2013 1960 1624 1550 1891 1984 1798 1980 2170 1792
 1792 1680 1696 1952 1740 1980 1421 1350 1624 1215 1653 1113  264  325
   88   72   60  435  136   32  208   60   42   54   48   35 2905   66
  133   72   75   35   68   28   66 3471 3382   50  231   65   77]"
SegSyllsOutput_Junco-hyemalis-139623_F1_bout2.gzip	1396.8253968253966	18	0.012886363636363639	105.71428571428571	43.80952380952381	60.51146384479718	19.908387361842706	"[ 48.25396825  43.80952381  48.25396825  48.57142857  54.92063492
  55.23809524  53.33333333  53.65079365  46.66666667  45.3968254
  51.11111111  53.96825397  49.84126984  52.6984127   91.74603175
  93.01587302  93.01587302 105.71428571]"	"[ 691  905 1142 1362 1570 1780 1995 2205 2410 2619 2837 3053 3272 3485
 3705 4041 4398 4758]"	"[ 843 1043 1294 1515 1743 1954 2163 2374 2557 2762 2998 3223 3429 3651
 3994 4334 4691 5091]"	0.31746031746031744	42.98245614035088	"[ 691.  905. 1142. 1362. 1570. 1780. 1995. 2205. 2410. 2619. 2837. 3053.
 3272. 3485. 3705. 4041. 4398. 4758.]"	"[ 843. 1043. 1294. 1515. 1743. 1954. 2163. 2374. 2557. 2762. 2998. 3223.
 3429. 3651. 3994. 4334. 4691. 5091.]"	31.428571428571427	11.428571428571427	18.095238095238095	4.963966911464091	"[19.68253968 31.42857143 21.58730159 17.46031746 11.74603175 13.01587302
 13.33333333 11.42857143 19.68253968 23.80952381 17.46031746 15.55555556
 17.77777778 17.14285714 14.92063492 20.31746032 21.26984127]"	47.3	4	4.5	[0, 1, 1, 0, 0, 0, 0, 0, 1, 1, 0, 1, 0, 1, 14, 14, 14, 17]	0.47058823529411764	[65.66131743 62.55626359 59.44648196]	62.55468765865566	3.1074180364887303	6227.680311890839	4630.165692007798	6791.228070175439	3137.719298245614	3696.4912280701756	"[6189.47368421 6232.45614035 6275.43859649 6146.49122807 6189.47368421
 6146.49122807 6103.50877193 6189.47368421 6189.47368421 6146.49122807
 6103.50877193 6103.50877193 6146.49122807 6146.49122807 6103.50877193
 6791.22807018 6103.50877193 6791.22807018]"	"[4942.98245614 4900.         5028.94736842 4942.98245614 4942.98245614
 4900.         4900.         4900.         4900.         4942.98245614
 4942.98245614 4942.98245614 4814.03508772 4814.03508772 3911.40350877
 3309.64912281 3438.59649123 3094.73684211]"	3696.4912280701756	1160.5263157894738	1640.4970760233919	810.0863294326984	"[1246.49122807 1332.45614035 1246.49122807 1203.50877193 1246.49122807
 1246.49122807 1203.50877193 1289.47368421 1289.47368421 1203.50877193
 1160.52631579 1160.52631579 1332.45614035 1332.45614035 2192.10526316
 3481.57894737 2664.9122807  3696.49122807]"	25	59	3.2777777777777777	36.82539682539682	2.2222222222222223	14.759214420231368	9.565385056375169	"[ 3.80952381 28.57142857 21.58730159 21.26984127 22.53968254 20.95238095
 22.53968254 23.80952381 18.73015873 24.12698413 24.44444444 20.63492063
 21.9047619  17.77777778 27.3015873  27.93650794 18.41269841 22.53968254
  8.57142857 20.63492063 19.68253968 21.26984127 21.58730159 23.17460317
 17.14285714 20.63492063 21.58730159 26.03174603 15.55555556 17.14285714
 17.14285714 19.36507937  7.3015873   2.53968254  2.22222222 16.19047619
  4.44444444  5.07936508  4.76190476  4.12698413  3.80952381  2.85714286
  3.49206349  5.07936508  3.17460317  3.17460317  2.22222222 19.68253968
  2.85714286  6.34920635  3.17460317 25.3968254  28.57142857 36.82539683
  3.17460317  3.17460317  2.22222222  7.61904762  2.85714286]"	5810.645257210825	4949.539101992267	6791.228070175439	3137.719298245614	3696.4912280701756	"[6791.22807018 6275.43859649 6232.45614035 6232.45614035 6189.47368421
 6189.47368421 6189.47368421 6189.47368421 6189.47368421 6146.49122807
 6146.49122807 6146.49122807 6146.49122807 6146.49122807 6146.49122807
 6146.49122807 6146.49122807 6146.49122807 6103.50877193 6103.50877193
 6103.50877193 6103.50877193 6103.50877193 6103.50877193 6103.50877193
 6103.50877193 6103.50877193 6103.50877193 6103.50877193 6103.50877193
 6017.54385965 5974.56140351 5974.56140351 5845.61403509 5845.61403509
 5802.63157895 5802.63157895 5802.63157895 5759.64912281 5716.66666667
 5716.66666667 5673.68421053 5673.68421053 5501.75438596 5415.78947368
 5372.80701754 5329.8245614  5329.8245614  5286.84210526 5243.85964912
 5243.85964912 5157.89473684 5114.9122807  5071.92982456 4985.96491228
 4942.98245614 4857.01754386 4728.07017544 4599.12280702]"	"[6361.40350877 5028.94736842 4900.         4942.98245614 4942.98245614
 5028.94736842 4942.98245614 4900.         4900.         4985.96491228
 4942.98245614 4942.98245614 4900.         4942.98245614 4900.
 4814.03508772 4900.         4942.98245614 5415.78947368 4900.
 4900.         4900.         4900.         4942.98245614 4942.98245614
 5071.92982456 4942.98245614 4814.03508772 4985.96491228 4942.98245614
 4814.03508772 4942.98245614 4900.         5587.71929825 5630.70175439
 4942.98245614 5286.84210526 4942.98245614 5501.75438596 5157.89473684
 5501.75438596 5028.94736842 5028.94736842 5200.87719298 5114.9122807
 5157.89473684 5114.9122807  4255.26315789 5114.9122807  4942.98245614
 4857.01754386 3610.52631579 3438.59649123 3094.73684211 4685.0877193
 4685.0877193  4685.0877193  3954.38596491 4427.19298246]"	1977.1929824561403	171.9298245614035	904.0886113589057	461.34759856941196	"[ 429.8245614  1246.49122807 1332.45614035 1289.47368421 1246.49122807
 1160.52631579 1246.49122807 1289.47368421 1289.47368421 1160.52631579
 1203.50877193 1203.50877193 1246.49122807 1203.50877193 1246.49122807
 1332.45614035 1246.49122807 1203.50877193  687.71929825 1203.50877193
 1203.50877193 1203.50877193 1203.50877193 1160.52631579 1160.52631579
 1031.57894737 1160.52631579 1289.47368421 1117.54385965 1160.52631579
 1203.50877193 1031.57894737 1074.56140351  257.89473684  214.9122807
  859.64912281  515.78947368  859.64912281  257.89473684  558.77192982
  214.9122807   644.73684211  644.73684211  300.87719298  300.87719298
  214.9122807   214.9122807  1074.56140351  171.92982456  300.87719298
  386.84210526 1547.36842105 1676.31578947 1977.19298246  300.87719298
  257.89473684  171.92982456  773.68421053  171.92982456]"	2	5	42	10	"[ 3.80952381 28.57142857 21.58730159 21.26984127 22.53968254 20.95238095
 22.53968254 23.80952381 18.73015873 24.12698413 24.44444444 20.63492063
 21.9047619  17.77777778 27.3015873  27.93650794 18.41269841 22.53968254
  8.57142857 20.63492063 19.68253968 21.26984127 21.58730159 23.17460317
 17.14285714 20.63492063 21.58730159 26.03174603 15.55555556 17.14285714
 17.14285714 19.36507937  7.3015873   2.53968254  2.22222222 16.19047619
  4.44444444  5.07936508  4.76190476  4.12698413  3.80952381  2.85714286
  3.49206349  5.07936508  3.17460317  3.17460317  2.22222222 19.68253968
  2.85714286  6.34920635  3.17460317 25.3968254  28.57142857 36.82539683
  3.17460317  3.17460317  2.22222222  7.61904762  2.85714286]"	"[4911. 1204.  905.  976.  756. 1142. 1570. 2270. 2483. 1425. 1642. 1857.
 2410. 2694. 3339. 3562. 4272. 4984.  691. 1780. 1995. 2065. 2205. 2619.
 2837. 2911. 3120. 3485. 3934. 4626. 3272. 3053. 4895. 2962. 3395. 1369.
 2748. 4180. 5053. 2890. 5079. 3840. 4538. 2541. 1944.  833. 1736. 3705.
 2154.  727. 3334. 4052. 4408. 4761. 4124. 4475. 3792. 4849. 4885.]"	"[4923. 1294.  973. 1043.  827. 1208. 1641. 2345. 2542. 1501. 1719. 1922.
 2479. 2750. 3425. 3650. 4330. 5055.  718. 1845. 2057. 2132. 2273. 2692.
 2891. 2976. 3188. 3567. 3983. 4680. 3326. 3114. 4918. 2970. 3402. 1420.
 2762. 4196. 5068. 2903. 5091. 3849. 4549. 2557. 1954.  843. 1743. 3767.
 2163.  747. 3344. 4132. 4498. 4877. 4134. 4485. 3799. 4873. 4894.]"	"[4911 1204  905  976  756 1142 1570 2270 2483 1425 1642 1857 2410 2694
 3339 3562 4272 4984  691 1780 1995 2065 2205 2619 2837 2911 3120 3485
 3934 4626 3272 3053 4895 2962 3395 1369 2748 4180 5053 2890 5079 3840
 4538 2541 1944  833 1736 3705 2154  727 3334 4052 4408 4761 4124 4475
 3792 4849 4885]"	"[4923 1294  973 1043  827 1208 1641 2345 2542 1501 1719 1922 2479 2750
 3425 3650 4330 5055  718 1845 2057 2132 2273 2692 2891 2976 3188 3567
 3983 4680 3326 3114 4918 2970 3402 1420 2762 4196 5068 2903 5091 3849
 4549 2557 1954  843 1743 3767 2163  747 3344 4132 4498 4877 4134 4485
 3799 4873 4894]"	"['upsweep2' 'downsweep' 'downsweep' 'downsweep' 'downsweep' 'downsweep'
 'downsweep' 'downsweep' 'downsweep' 'downsweep' 'downsweep' 'downsweep'
 'downsweep' 'downsweep' 'downsweep' 'downsweep' 'downsweep' 'downsweep'
 'downsweep3' 'downsweep' 'downsweep' 'downsweep' 'downsweep' 'downsweep'
 'downsweep' 'downsweep' 'downsweep' 'downsweep' 'downsweep' 'downsweep'
 'downsweep' 'downsweep' 'parabola' 'parabola' 'downsweep' 'downsweep'
 'downsweep3' 'parabola' 'parabola' 'parabola' 'flat' 'upsweep3'
 'parabola' 'flat' 'parabola' 'downsweep3' 'upsweep2' 'downsweep'
 'upsweep2' 'parabola' 'upsweep3' 'downsweep' 'downsweep' 'downsweep'
 'parabola' 'downsweep2' 'parabola' 'downsweep2' 'downsweep']"	"[ 120 2610 2108 2010 2059 1782 2059 2250 1770 2052 2156 1820 2001 1568
 2494 2728 1682 1988  432 1820 1736 1876 1904 1971 1458 1560 1836 2460
 1274 1458 1512 1464  575   48   35 1020  168  320   90  169   60  135
  165  112   70   50   35 1550   36  140   90 2880 3510 5336   70   60
   28  432   36]"
SegSyllsOutput_Junco-hyemalis-139623_F1_bout5.gzip	1624.7619047619046	21	0.012924970691676438	96.82539682539682	35.238095238095234	52.41118669690098	21.925204347004303	"[42.85714286 40.63492063 40.95238095 35.23809524 40.95238095 41.9047619
 38.73015873 41.58730159 42.53968254 41.58730159 41.58730159 40.31746032
 40.         40.         39.36507937 40.         88.25396825 87.93650794
 91.11111111 88.25396825 96.82539683]"	"[ 639  852 1064 1288 1484 1687 1902 2104 2308 2520 2735 2952 3167 3385
 3594 3809 4027 4374 4724 5078 5452]"	"[ 774  980 1193 1399 1613 1819 2024 2235 2442 2651 2866 3079 3293 3511
 3718 3935 4305 4651 5011 5356 5757]"	0.31746031746031744	42.98245614035088	"[ 639.  852. 1064. 1288. 1484. 1687. 1902. 2104. 2308. 2520. 2735. 2952.
 3167. 3385. 3594. 3809. 4027. 4374. 4724. 5078. 5452.]"	"[ 774.  980. 1193. 1399. 1613. 1819. 2024. 2235. 2442. 2651. 2866. 3079.
 3293. 3511. 3718. 3935. 4305. 4651. 5011. 5356. 5757.]"	30.476190476190474	21.26984126984127	26.206349206349206	2.692706138517664	"[24.76190476 26.66666667 30.15873016 26.98412698 23.49206349 26.34920635
 25.3968254  23.17460317 24.76190476 26.66666667 27.3015873  27.93650794
 29.20634921 26.34920635 28.88888889 29.20634921 21.9047619  23.17460317
 21.26984127 30.47619048]"	47.3	3	7.0	[0, 1, 1, 0, 1, 1, 1, 1, 1, 1, 1, 1, 1, 1, 1, 1, 16, 16, 16, 16, 16]	0.8	[52.13764338 68.56537156 54.10138223]	58.26813239146054	8.971561651067635	6119.883040935673	4449.707602339181	6318.421052631579	3481.578947368421	2879.8245614035086	"[5587.71929825 6318.42105263 6189.47368421 6060.52631579 6232.45614035
 6275.43859649 6146.49122807 6232.45614035 6189.47368421 6103.50877193
 6189.47368421 6146.49122807 6017.54385965 6103.50877193 5845.61403509
 5974.56140351 6103.50877193 6275.43859649 6017.54385965 6189.47368421
 6318.42105263]"	"[4857.01754386 4685.0877193  4642.10526316 4642.10526316 4685.0877193
 4728.07017544 4685.0877193  4771.05263158 4685.0877193  4685.0877193
 4685.0877193  4642.10526316 4642.10526316 4599.12280702 4556.14035088
 4685.0877193  3610.52631579 3438.59649123 3567.54385965 3438.59649123
 3610.52631579]"	2836.842105263158	730.7017543859649	1713.1578947368423	569.3002730210162	"[ 730.70175439 1633.33333333 1547.36842105 1418.42105263 1547.36842105
 1547.36842105 1461.40350877 1461.40350877 1504.38596491 1418.42105263
 1504.38596491 1504.38596491 1375.43859649 1504.38596491 1289.47368421
 1289.47368421 2492.98245614 2836.84210526 2450.         2750.87719298
 2707.89473684]"	25	67	3.1904761904761907	30.158730158730158	1.9047619047619047	11.940298507462689	7.635055178645825	"[20.31746032 19.68253968  6.66666667 17.14285714  5.3968254   6.34920635
  7.61904762 19.68253968 16.50793651  7.3015873  16.82539683 20.31746032
 10.47619048  3.17460317  3.49206349 19.68253968 19.68253968  9.20634921
  3.17460317 17.14285714  2.53968254 18.0952381   3.80952381  3.17460317
 16.82539683 15.23809524 18.41269841 15.23809524 14.6031746  16.50793651
 16.50793651  2.85714286 16.82539683 17.77777778 18.0952381   3.17460317
 12.38095238 12.6984127  11.11111111 12.06349206 13.65079365 14.92063492
 13.33333333 12.6984127  13.96825397 10.79365079 12.6984127  10.47619048
 12.6984127   6.03174603  4.44444444  8.25396825 26.98412698  2.22222222
 30.15873016 27.93650794  2.53968254 30.15873016 26.03174603  2.53968254
  4.12698413  2.85714286  2.53968254  2.85714286  2.85714286  1.9047619
  2.53968254]"	5694.213144802305	4853.809897879027	6318.421052631579	3481.578947368421	2879.8245614035086	"[6318.42105263 6318.42105263 6275.43859649 6275.43859649 6232.45614035
 6232.45614035 6232.45614035 6189.47368421 6189.47368421 6146.49122807
 6146.49122807 6146.49122807 6103.50877193 6103.50877193 6060.52631579
 6060.52631579 6017.54385965 6017.54385965 6017.54385965 5974.56140351
 5974.56140351 5974.56140351 5974.56140351 5931.57894737 5931.57894737
 5931.57894737 5931.57894737 5888.59649123 5888.59649123 5888.59649123
 5888.59649123 5845.61403509 5845.61403509 5845.61403509 5759.64912281
 5759.64912281 5673.68421053 5673.68421053 5673.68421053 5673.68421053
 5630.70175439 5630.70175439 5630.70175439 5630.70175439 5630.70175439
 5630.70175439 5630.70175439 5630.70175439 5587.71929825 5587.71929825
 5544.73684211 5415.78947368 5372.80701754 5200.87719298 5114.9122807
 5114.9122807  5114.9122807  5028.94736842 5028.94736842 4942.98245614
 4900.         4857.01754386 4814.03508772 4814.03508772 4814.03508772
 4728.07017544 4470.1754386 ]"	"[4685.0877193  4814.03508772 5716.66666667 4814.03508772 5845.61403509
 5759.64912281 5587.71929825 4771.05263158 5415.78947368 5630.70175439
 4814.03508772 4728.07017544 4642.10526316 5845.61403509 5845.61403509
 4728.07017544 4642.10526316 4857.01754386 5716.66666667 4771.05263158
 5673.68421053 4728.07017544 5286.84210526 5630.70175439 4685.0877193
 4642.10526316 4599.12280702 4685.0877193  4685.0877193  4728.07017544
 4685.0877193  5673.68421053 4771.05263158 4685.0877193  4556.14035088
 5587.71929825 4685.0877193  4771.05263158 4771.05263158 4685.0877193
 4728.07017544 4642.10526316 4728.07017544 4642.10526316 4771.05263158
 4728.07017544 4685.0877193  4685.0877193  4900.         5286.84210526
 5200.87719298 4857.01754386 3610.52631579 4685.0877193  3438.59649123
 3567.54385965 4470.1754386  3438.59649123 3610.52631579 4083.33333333
 4642.10526316 4599.12280702 4642.10526316 4642.10526316 4642.10526316
 4341.22807018 4212.28070175]"	1762.280701754386	171.9298245614035	883.3857030636293	468.1234551895924	"[1633.33333333 1504.38596491  558.77192982 1461.40350877  386.84210526
  472.80701754  644.73684211 1418.42105263  773.68421053  515.78947368
 1332.45614035 1418.42105263 1461.40350877  257.89473684  214.9122807
 1332.45614035 1375.43859649 1160.52631579  300.87719298 1203.50877193
  300.87719298 1246.49122807  687.71929825  300.87719298 1246.49122807
 1289.47368421 1332.45614035 1203.50877193 1203.50877193 1160.52631579
 1203.50877193  171.92982456 1074.56140351 1160.52631579 1203.50877193
  171.92982456  988.59649123  902.63157895  902.63157895  988.59649123
  902.63157895  988.59649123  902.63157895  988.59649123  859.64912281
  902.63157895  945.61403509  945.61403509  687.71929825  300.87719298
  343.85964912  558.77192982 1762.28070175  515.78947368 1676.31578947
 1547.36842105  644.73684211 1590.35087719 1418.42105263  859.64912281
  257.89473684  257.89473684  171.92982456  171.92982456  171.92982456
  386.84210526  257.89473684]"	2	7	50	8	"[20.31746032 19.68253968  6.66666667 17.14285714  5.3968254   6.34920635
  7.61904762 19.68253968 16.50793651  7.3015873  16.82539683 20.31746032
 10.47619048  3.17460317  3.49206349 19.68253968 19.68253968  9.20634921
  3.17460317 17.14285714  2.53968254 18.0952381   3.80952381  3.17460317
 16.82539683 15.23809524 18.41269841 15.23809524 14.6031746  16.50793651
 16.50793651  2.85714286 16.82539683 17.77777778 18.0952381   3.17460317
 12.38095238 12.6984127  11.11111111 12.06349206 13.65079365 14.92063492
 13.33333333 12.6984127  13.96825397 10.79365079 12.6984127  10.47619048
 12.6984127   6.03174603  4.44444444  8.25396825 26.98412698  2.22222222
 30.15873016 27.93650794  2.53968254 30.15873016 26.03174603  2.53968254
  4.12698413  2.85714286  2.53968254  2.85714286  2.85714286  1.9047619
  2.53968254]"	"[ 916. 5658. 1757. 4586. 1552. 1687. 2176. 2308. 5295. 1963. 2104. 3015.
 4242. 4266. 1343. 2804. 3231. 4941. 5736.  852. 1064. 3878. 5583. 1902.
 2389. 2952. 3453. 2529. 2743. 3167. 3809. 2601. 3385. 3662. 3594. 5747.
 1574. 1711. 2200. 2613. 1073. 1146. 1288. 1359. 1501. 1785. 1913. 1991.
  722. 4976. 4280.  651. 4027. 4502. 4374. 4724. 4855. 5078. 5452. 4151.
 5529. 5156. 4118. 4453. 4806. 5579. 4500.]"	"[ 980. 5720. 1778. 4640. 1569. 1707. 2200. 2370. 5347. 1986. 2157. 3079.
 4275. 4276. 1354. 2866. 3293. 4970. 5746.  906. 1072. 3935. 5595. 1912.
 2442. 3000. 3511. 2577. 2789. 3219. 3861. 2610. 3438. 3718. 3651. 5757.
 1613. 1751. 2235. 2651. 1116. 1193. 1330. 1399. 1545. 1819. 1953. 2024.
  762. 4995. 4294.  677. 4112. 4509. 4469. 4812. 4863. 5173. 5534. 4159.
 5542. 5165. 4126. 4462. 4815. 5585. 4508.]"	"[ 916 5658 1757 4586 1552 1687 2176 2308 5295 1963 2104 3015 4242 4266
 1343 2804 3231 4941 5736  852 1064 3878 5583 1902 2389 2952 3453 2529
 2743 3167 3809 2601 3385 3662 3594 5747 1574 1711 2200 2613 1073 1146
 1288 1359 1501 1785 1913 1991  722 4976 4280  651 4027 4502 4374 4724
 4855 5078 5452 4151 5529 5156 4118 4453 4806 5579 4500]"	"[ 980 5720 1778 4640 1569 1707 2200 2370 5347 1986 2157 3079 4275 4276
 1354 2866 3293 4970 5746  906 1072 3935 5595 1912 2442 3000 3511 2577
 2789 3219 3861 2610 3438 3718 3651 5757 1613 1751 2235 2651 1116 1193
 1330 1399 1545 1819 1953 2024  762 4995 4294  677 4112 4509 4469 4812
 4863 5173 5534 4159 5542 5165 4126 4462 4815 5585 4508]"	"['downsweep' 'downsweep' 'downsweep2' 'downsweep' 'downsweep2' 'downsweep'
 'downsweep' 'downsweep' 'flat' 'downsweep' 'downsweep' 'downsweep'
 'downsweep2' 'parabola' 'downsweep' 'downsweep' 'downsweep' 'downsweep2'
 'downsweep2' 'downsweep' 'downsweep2' 'downsweep' 'upsweep3' 'downsweep'
 'downsweep' 'downsweep' 'downsweep' 'downsweep' 'downsweep' 'downsweep'
 'downsweep' 'downsweep3' 'downsweep' 'downsweep' 'downsweep' 'flat'
 'downsweep' 'downsweep' 'downsweep' 'downsweep' 'downsweep' 'downsweep'
 'downsweep' 'downsweep' 'downsweep' 'downsweep' 'downsweep' 'downsweep'
 'downsweep' 'upsweep' 'parabola' 'parabola' 'downsweep' 'parabola'
 'downsweep' 'downsweep' 'upsweep3' 'downsweep' 'downsweep' 'upsweep2'
 'parabola' 'parabola' 'upsweep2' 'upsweep2' 'upsweep' 'parabola'
 'parabola']"	"[2432 2170  273 1836  153  220  360 2046  936  276 1643 2112 1122   60
   55 1922 1984  783   70 1512   56 1653  192   70 1537 1440 1798 1344
 1288 1404 1456   36 1325 1512 1596   40  897  840  735  874  903 1081
  882  920  880  714  880  726  640  133  112  338 3485   84 3705 3168
  120 3515 2706  160   78   54   32   36   36   54   48]"
SegSyllsOutput_Junco-hyemalis-139623_F1_bout4.gzip	1488.888888888889	20	0.013432835820895522	95.55555555555556	35.238095238095234	46.63492063492063	19.51634363572539	"[35.23809524 38.73015873 43.49206349 42.85714286 40.31746032 37.77777778
 37.46031746 37.77777778 37.46031746 37.14285714 38.0952381  38.0952381
 39.04761905 38.73015873 37.77777778 38.0952381  39.68253968 89.84126984
 95.55555556 89.52380952]"	"[ 562  769 1001 1219 1440 1654 1864 2082 2300 2520 2742 2953 3169 3389
 3606 3823 4039 4249 4603 4970]"	"[ 673  891 1138 1354 1567 1773 1982 2201 2418 2637 2862 3073 3292 3511
 3725 3943 4164 4532 4904 5252]"	0.31746031746031744	42.98245614035088	"[ 562.  769. 1001. 1219. 1440. 1654. 1864. 2082. 2300. 2520. 2742. 2953.
 3169. 3389. 3606. 3823. 4039. 4249. 4603. 4970.]"	"[ 673.  891. 1138. 1354. 1567. 1773. 1982. 2201. 2418. 2637. 2862. 3073.
 3292. 3511. 3725. 3943. 4164. 4532. 4904. 5252.]"	34.92063492063492	20.952380952380953	29.27318295739348	3.488179573923797	"[30.47619048 34.92063492 25.71428571 27.3015873  27.61904762 28.88888889
 31.74603175 31.42857143 32.38095238 33.33333333 28.88888889 30.47619048
 30.79365079 30.15873016 31.11111111 30.47619048 26.98412698 22.53968254
 20.95238095]"	47.3	2	10.0	[0, 0, 0, 0, 0, 0, 0, 0, 0, 0, 0, 0, 0, 0, 0, 0, 0, 17, 17, 17]	0.9473684210526315	[78.8151684  58.97106848]	68.89311843886534	14.03189761958779	6006.798245614035	4637.807017543859	6146.491228070176	3653.5087719298244	2535.964912280702	"[5931.57894737 6146.49122807 6103.50877193 6060.52631579 6103.50877193
 6060.52631579 6060.52631579 6017.54385965 6017.54385965 5974.56140351
 5931.57894737 5931.57894737 5931.57894737 5931.57894737 5888.59649123
 5888.59649123 5931.57894737 6060.52631579 6060.52631579 6103.50877193]"	"[4857.01754386 4857.01754386 4814.03508772 4857.01754386 4857.01754386
 4771.05263158 4685.0877193  4685.0877193  4728.07017544 4814.03508772
 4814.03508772 4685.0877193  4728.07017544 4685.0877193  4642.10526316
 4685.0877193  4642.10526316 3782.45614035 3610.52631579 3696.49122807]"	2450.0	1074.561403508772	1411.9736842105262	423.27641394207905	"[1074.56140351 1289.47368421 1289.47368421 1203.50877193 1246.49122807
 1289.47368421 1375.43859649 1332.45614035 1289.47368421 1160.52631579
 1117.54385965 1246.49122807 1203.50877193 1246.49122807 1246.49122807
 1203.50877193 1289.47368421 2278.07017544 2450.         2407.01754386]"	25	47	2.35	27.3015873015873	1.9047619047619047	14.393785883147585	5.489911535118097	"[15.87301587 13.01587302 14.6031746  15.87301587 14.92063492 13.96825397
 12.6984127  16.19047619 15.87301587 16.50793651 15.23809524 16.50793651
 14.6031746  14.92063492 15.55555556 16.82539683 15.23809524 15.23809524
 15.87301587 14.92063492 14.92063492 16.19047619 17.46031746 15.55555556
 17.14285714 15.55555556 15.23809524 17.46031746 15.55555556 17.46031746
 17.14285714 17.46031746 15.87301587 14.28571429 15.55555556 14.92063492
  3.80952381  1.9047619  11.74603175  3.80952381  1.9047619   3.17460317
 24.76190476 27.3015873  26.66666667  4.76190476  4.44444444]"	5829.152668906308	4775.625233296005	6146.491228070176	3653.5087719298244	2535.964912280702	"[6146.49122807 6103.50877193 6103.50877193 6103.50877193 6060.52631579
 6060.52631579 6060.52631579 6060.52631579 6060.52631579 6060.52631579
 6060.52631579 6017.54385965 6017.54385965 6017.54385965 6017.54385965
 6017.54385965 6017.54385965 6017.54385965 5974.56140351 5974.56140351
 5931.57894737 5931.57894737 5931.57894737 5931.57894737 5931.57894737
 5931.57894737 5931.57894737 5931.57894737 5931.57894737 5931.57894737
 5931.57894737 5888.59649123 5888.59649123 5888.59649123 5888.59649123
 5888.59649123 5802.63157895 5759.64912281 5630.70175439 5501.75438596
 5372.80701754 5329.8245614  5286.84210526 5114.9122807  5071.92982456
 4771.05263158 4685.0877193 ]"	"[4857.01754386 4814.03508772 4857.01754386 4942.98245614 4857.01754386
 4857.01754386 4900.         4771.05263158 4685.0877193  4814.03508772
 5071.92982456 4900.         4857.01754386 4814.03508772 4857.01754386
 4685.0877193  4685.0877193  4728.07017544 4728.07017544 4814.03508772
 4857.01754386 4814.03508772 4814.03508772 4814.03508772 4771.05263158
 4685.0877193  4728.07017544 4685.0877193  4728.07017544 4728.07017544
 4642.10526316 4771.05263158 4642.10526316 4728.07017544 4685.0877193
 4685.0877193  4900.         5157.89473684 4857.01754386 5157.89473684
 4900.         5157.89473684 3782.45614035 3696.49122807 3610.52631579
 4470.1754386  4470.1754386 ]"	1504.3859649122808	171.9298245614035	1096.5098917506534	318.1197125773467	"[1289.47368421 1289.47368421 1246.49122807 1160.52631579 1203.50877193
 1203.50877193 1160.52631579 1289.47368421 1375.43859649 1246.49122807
  988.59649123 1117.54385965 1160.52631579 1203.50877193 1160.52631579
 1332.45614035 1332.45614035 1289.47368421 1246.49122807 1160.52631579
 1074.56140351 1117.54385965 1117.54385965 1117.54385965 1160.52631579
 1246.49122807 1203.50877193 1246.49122807 1203.50877193 1203.50877193
 1289.47368421 1117.54385965 1246.49122807 1160.52631579 1203.50877193
 1203.50877193  902.63157895  601.75438596  773.68421053  343.85964912
  472.80701754  171.92982456 1504.38596491 1418.42105263 1461.40350877
  300.87719298  214.9122807 ]"	0	3	40	4	"[15.87301587 13.01587302 14.6031746  15.87301587 14.92063492 13.96825397
 12.6984127  16.19047619 15.87301587 16.50793651 15.23809524 16.50793651
 14.6031746  14.92063492 15.55555556 16.82539683 15.23809524 15.23809524
 15.87301587 14.92063492 14.92063492 16.19047619 17.46031746 15.55555556
 17.14285714 15.55555556 15.23809524 17.46031746 15.55555556 17.46031746
 17.14285714 17.46031746 15.87301587 14.28571429 15.55555556 14.92063492
  3.80952381  1.9047619  11.74603175  3.80952381  1.9047619   3.17460317
 24.76190476 27.3015873  26.66666667  4.76190476  4.44444444]"	"[ 841. 1001. 1510. 5189. 1072. 1293. 1440. 1722. 1932. 4471. 4833.  769.
 1219. 1654. 1864. 2082. 2153. 2370. 2300. 2590.  626. 2520. 2742. 2813.
 2953. 3024. 3244. 3389. 3462. 4039. 4110. 3169. 3606. 3680. 3823. 3896.
 4381. 5104.  562. 1126. 4740. 1344. 4249. 4970. 4603. 5047. 4679.]"	"[ 891. 1042. 1556. 5239. 1119. 1337. 1480. 1773. 1982. 4523. 4881.  821.
 1265. 1701. 1913. 2135. 2201. 2418. 2350. 2637.  673. 2571. 2797. 2862.
 3007. 3073. 3292. 3444. 3511. 4094. 4164. 3224. 3656. 3725. 3872. 3943.
 4393. 5110.  599. 1138. 4746. 1354. 4327. 5056. 4687. 5062. 4693.]"	"[ 841 1001 1510 5189 1072 1293 1440 1722 1932 4471 4833  769 1219 1654
 1864 2082 2153 2370 2300 2590  626 2520 2742 2813 2953 3024 3244 3389
 3462 4039 4110 3169 3606 3680 3823 3896 4381 5104  562 1126 4740 1344
 4249 4970 4603 5047 4679]"	"[ 891 1042 1556 5239 1119 1337 1480 1773 1982 4523 4881  821 1265 1701
 1913 2135 2201 2418 2350 2637  673 2571 2797 2862 3007 3073 3292 3444
 3511 4094 4164 3224 3656 3725 3872 3943 4393 5110  599 1138 4746 1354
 4327 5056 4687 5062 4693]"	"['downsweep' 'downsweep' 'downsweep' 'downsweep' 'downsweep' 'downsweep'
 'downsweep' 'downsweep' 'downsweep' 'downsweep' 'downsweep' 'downsweep'
 'downsweep' 'downsweep' 'downsweep' 'downsweep' 'downsweep' 'downsweep'
 'downsweep' 'downsweep' 'downsweep' 'downsweep' 'downsweep' 'downsweep'
 'downsweep' 'downsweep' 'downsweep' 'downsweep' 'downsweep' 'downsweep'
 'downsweep' 'downsweep' 'downsweep' 'downsweep' 'downsweep' 'downsweep'
 'upsweep2' 'upsweep3' 'downsweep' 'parabola' 'upsweep2' 'parabola'
 'downsweep' 'downsweep' 'downsweep' 'parabola' 'parabola']"	"[1500 1230 1334 1350 1316 1232 1080 1530 1600 1508 1104 1352 1242 1316
 1323 1643 1488 1440 1450 1269 1175 1326 1430 1274 1458 1421 1344 1595
 1372 1540 1620 1430 1450 1215 1372 1316  252   84  666   96   66   40
 2730 2838 2856  105   70]"
SegSyllsOutput_Junco-hyemalis-139623_F1_bout6.gzip	1600.3174603174602	22	0.01374727236659393	93.96825396825396	36.19047619047619	47.287157287157285	18.23183179706128	"[36.19047619 46.98412698 48.25396825 45.71428571 43.49206349 40.63492063
 38.73015873 43.80952381 39.36507937 40.         36.82539683 43.49206349
 37.14285714 38.73015873 37.14285714 37.77777778 37.14285714 37.46031746
 37.77777778 87.61904762 92.06349206 93.96825397]"	"[ 483  702  917 1120 1341 1561 1780 1973 2197 2411 2633 2846 3056 3264
 3482 3700 3913 4123 4342 4540 4881 5228]"	"[ 597  850 1069 1264 1478 1689 1902 2111 2321 2537 2749 2983 3173 3386
 3599 3819 4030 4241 4461 4816 5171 5524]"	0.31746031746031744	42.98245614035088	"[ 483.  702.  917. 1120. 1341. 1561. 1780. 1973. 2197. 2411. 2633. 2846.
 3056. 3264. 3482. 3700. 3913. 4123. 4342. 4540. 4881. 5228.]"	"[ 597.  850. 1069. 1264. 1478. 1689. 1902. 2111. 2321. 2537. 2749. 2983.
 3173. 3386. 3599. 3819. 4030. 4241. 4461. 4816. 5171. 5524.]"	33.33333333333333	16.19047619047619	26.66666666666666	4.829154760585756	"[33.33333333 21.26984127 16.19047619 24.44444444 26.34920635 28.88888889
 22.53968254 27.3015873  28.57142857 30.47619048 30.79365079 23.17460317
 28.88888889 30.47619048 32.06349206 29.84126984 29.52380952 32.06349206
 25.07936508 20.63492063 18.0952381 ]"	47.3	4	5.5	[0, 1, 1, 1, 1, 1, 1, 2, 1, 1, 1, 1, 1, 1, 1, 1, 1, 1, 1, 19, 19, 19]	0.8095238095238095	[71.10436854 53.43070343]	62.26753598548288	12.49716844583653	6044.896331738437	4499.481658692185	6447.368421052632	3137.719298245614	3352.6315789473683	"[5587.71929825 6017.54385965 6060.52631579 6232.45614035 6017.54385965
 6146.49122807 5974.56140351 6275.43859649 5931.57894737 5974.56140351
 5974.56140351 5974.56140351 5888.59649123 6275.43859649 5931.57894737
 5845.61403509 5974.56140351 5716.66666667 6017.54385965 6447.36842105
 6318.42105263 6404.38596491]"	"[4685.0877193  4685.0877193  4685.0877193  4685.0877193  4771.05263158
 4728.07017544 4728.07017544 4685.0877193  4642.10526316 4599.12280702
 4599.12280702 4427.19298246 4513.15789474 4642.10526316 4642.10526316
 4599.12280702 4556.14035088 4599.12280702 4556.14035088 3438.59649123
 3481.57894737 3094.73684211]"	3309.6491228070176	902.6315789473684	1588.3971291866028	620.5368825828668	"[ 902.63157895 1332.45614035 1375.43859649 1547.36842105 1246.49122807
 1418.42105263 1246.49122807 1590.35087719 1289.47368421 1375.43859649
 1375.43859649 1547.36842105 1375.43859649 1633.33333333 1289.47368421
 1246.49122807 1418.42105263 1117.54385965 1461.40350877 3008.77192982
 2836.84210526 3309.64912281]"	25	58	2.6363636363636362	40.63492063492063	2.2222222222222223	14.154351395730707	7.3682462013959595	"[ 5.71428571  5.3968254   2.22222222  2.53968254  3.17460317 19.68253968
 19.68253968 18.73015873 20.31746032 17.14285714 18.0952381  17.77777778
 20.95238095 18.0952381  19.04761905 19.68253968 15.55555556 17.77777778
 18.0952381  17.14285714 17.14285714 17.46031746  3.17460317 11.74603175
 12.06349206 16.19047619 17.14285714 15.87301587 17.14285714 16.19047619
 16.50793651 16.19047619 16.82539683 14.92063492 16.50793651 13.01587302
 15.87301587 16.82539683 14.6031746   2.53968254 14.6031746  14.28571429
 14.28571429 16.19047619 15.23809524 13.01587302  6.34920635 11.42857143
  4.44444444  5.3968254   3.49206349  2.22222222  2.53968254  9.84126984
 28.25396825 29.52380952 40.63492063  4.44444444]"	5815.229885057472	4757.713248638838	6404.3859649122805	3137.719298245614	3309.6491228070176	"[6404.38596491 6404.38596491 6318.42105263 6275.43859649 6275.43859649
 6146.49122807 6060.52631579 6060.52631579 6017.54385965 6017.54385965
 6017.54385965 6017.54385965 6017.54385965 6017.54385965 6017.54385965
 5974.56140351 5974.56140351 5974.56140351 5974.56140351 5974.56140351
 5974.56140351 5974.56140351 5974.56140351 5974.56140351 5974.56140351
 5931.57894737 5931.57894737 5931.57894737 5931.57894737 5888.59649123
 5888.59649123 5888.59649123 5845.61403509 5845.61403509 5845.61403509
 5845.61403509 5845.61403509 5802.63157895 5802.63157895 5759.64912281
 5759.64912281 5716.66666667 5716.66666667 5716.66666667 5716.66666667
 5716.66666667 5716.66666667 5587.71929825 5587.71929825 5587.71929825
 5544.73684211 5415.78947368 5329.8245614  5286.84210526 5243.85964912
 5157.89473684 5071.92982456 3610.52631579]"	"[5888.59649123 5845.61403509 6060.52631579 6060.52631579 6060.52631579
 4728.07017544 4685.0877193  4685.0877193  4685.0877193  4771.05263158
 4728.07017544 4771.05263158 4771.05263158 4728.07017544 4556.14035088
 4685.0877193  4814.03508772 4728.07017544 4728.07017544 4642.10526316
 4599.12280702 4427.19298246 5802.63157895 4942.98245614 5243.85964912
 4771.05263158 4728.07017544 4685.0877193  4771.05263158 4642.10526316
 4599.12280702 4513.15789474 4685.0877193  4685.0877193  4599.12280702
 4556.14035088 4556.14035088 4642.10526316 4685.0877193  5501.75438596
 4642.10526316 4685.0877193  4685.0877193  4513.15789474 4599.12280702
 4642.10526316 4642.10526316 4771.05263158 3739.47368421 3438.59649123
 4169.29824561 5243.85964912 5157.89473684 4685.0877193  3567.54385965
 3481.57894737 3094.73684211 3438.59649123]"	2149.122807017544	171.9298245614035	1100.4990925589836	458.64019254857675	"[ 515.78947368  558.77192982  257.89473684  214.9122807   214.9122807
 1418.42105263 1375.43859649 1375.43859649 1332.45614035 1246.49122807
 1289.47368421 1246.49122807 1246.49122807 1289.47368421 1461.40350877
 1289.47368421 1160.52631579 1246.49122807 1246.49122807 1332.45614035
 1375.43859649 1547.36842105  171.92982456 1031.57894737  730.70175439
 1160.52631579 1203.50877193 1246.49122807 1160.52631579 1246.49122807
 1289.47368421 1375.43859649 1160.52631579 1160.52631579 1246.49122807
 1289.47368421 1289.47368421 1160.52631579 1117.54385965  257.89473684
 1117.54385965 1031.57894737 1031.57894737 1203.50877193 1117.54385965
 1074.56140351 1074.56140351  816.66666667 1848.24561404 2149.12280702
 1375.43859649  171.92982456  171.92982456  601.75438596 1676.31578947
 1676.31578947 1977.19298246  171.92982456]"	1	5	46	6	"[ 5.71428571  5.3968254   2.22222222  2.53968254  3.17460317 19.68253968
 19.68253968 18.73015873 20.31746032 17.14285714 18.0952381  17.77777778
 20.95238095 18.0952381  19.04761905 19.68253968 15.55555556 17.77777778
 18.0952381  17.14285714 17.14285714 17.46031746  3.17460317 11.74603175
 12.06349206 16.19047619 17.14285714 15.87301587 17.14285714 16.19047619
 16.50793651 16.19047619 16.82539683 14.92063492 16.50793651 13.01587302
 15.87301587 16.82539683 14.6031746   2.53968254 14.6031746  14.28571429
 14.28571429 16.19047619 15.23809524 13.01587302  6.34920635 11.42857143
  4.44444444  5.3968254   3.49206349  2.22222222  2.53968254  9.84126984
 28.25396825 29.52380952 40.63492063  4.44444444]"	"[4746. 5447. 5088. 1973. 3318. 1627.  986. 2052.  773.  917. 1128. 1341.
 1412. 3329. 4401. 1202. 1561. 1846. 1984. 2411. 2695. 2904. 3974. 4768.
 5117. 1780. 2267. 3549. 5466. 2197. 2485. 3122.  702. 3700. 3767. 3989.
 4342. 3264. 3913. 1606. 3482. 2633. 2846. 3056. 4123. 4200. 5107.  556.
 5010. 5361. 4666.  843. 2975.  487. 4540. 4881. 5228. 4632.]"	"[4764. 5464. 5095. 1981. 3328. 1689. 1048. 2111.  837.  971. 1185. 1397.
 1478. 3386. 4461. 1264. 1610. 1902. 2041. 2465. 2749. 2959. 3984. 4805.
 5155. 1831. 2321. 3599. 5520. 2248. 2537. 3173.  755. 3747. 3819. 4030.
 4392. 3317. 3959. 1614. 3528. 2678. 2891. 3107. 4171. 4241. 5127.  592.
 5024. 5378. 4677.  850. 2983.  518. 4629. 4974. 5356. 4646.]"	"[4746 5447 5088 1973 3318 1627  986 2052  773  917 1128 1341 1412 3329
 4401 1202 1561 1846 1984 2411 2695 2904 3974 4768 5117 1780 2267 3549
 5466 2197 2485 3122  702 3700 3767 3989 4342 3264 3913 1606 3482 2633
 2846 3056 4123 4200 5107  556 5010 5361 4666  843 2975  487 4540 4881
 5228 4632]"	"[4764 5464 5095 1981 3328 1689 1048 2111  837  971 1185 1397 1478 3386
 4461 1264 1610 1902 2041 2465 2749 2959 3984 4805 5155 1831 2321 3599
 5520 2248 2537 3173  755 3747 3819 4030 4392 3317 3959 1614 3528 2678
 2891 3107 4171 4241 5127  592 5024 5378 4677  850 2983  518 4629 4974
 5356 4646]"	"['downsweep2' 'downsweep' 'downsweep' 'downsweep' 'downsweep2' 'downsweep'
 'downsweep' 'downsweep' 'downsweep' 'downsweep' 'downsweep' 'downsweep'
 'downsweep' 'downsweep' 'downsweep' 'downsweep' 'downsweep' 'downsweep'
 'downsweep' 'downsweep' 'downsweep' 'downsweep' 'parabola' 'upsweep'
 'parabola' 'downsweep' 'downsweep' 'downsweep' 'downsweep' 'downsweep'
 'downsweep' 'downsweep' 'downsweep' 'parabola' 'downsweep' 'downsweep'
 'downsweep' 'downsweep' 'downsweep' 'downsweep' 'downsweep' 'downsweep'
 'downsweep' 'downsweep' 'downsweep' 'downsweep' 'downsweep' 'parabola'
 'upsweep2' 'upsweep2' 'upsweep2' 'upsweep2' 'parabola' 'parabola'
 'downsweep' 'downsweep' 'downsweep' 'flat']"	"[ 216  221   42   40   50 2046 1984 1888 1984 1566 1710 1624 1914 1710
 2040 1860 1323 1624 1653 1674 1728 1980   40  888  646 1377 1512 1450
 1458 1479 1560 1632 1431 1269 1508 1230 1500 1431 1196   48 1196 1080
 1080 1428 1248 1025  500  684  602  850  352   28   32  434 3471 3627
 5888   56]"
SegSyllsOutput_Junco-hyemalis-139623_F1_bout1.gzip	1126.031746031746	15	0.013321116436425149	92.38095238095238	37.14285714285714	51.195767195767196	20.93054131021954	"[45.07936508 44.76190476 46.03174603 40.         40.31746032 40.31746032
 39.04761905 37.14285714 42.53968254 40.         40.95238095 37.77777778
 92.06349206 89.52380952 92.38095238]"	"[ 351  563  772  988 1201 1414 1624 1836 2044 2262 2470 2692 2889 3241
 3607]"	"[ 493  704  917 1114 1328 1541 1747 1953 2178 2388 2599 2811 3179 3523
 3898]"	0.31746031746031744	42.98245614035088	"[ 351.  563.  772.  988. 1201. 1414. 1624. 1836. 2044. 2262. 2470. 2692.
 2889. 3241. 3607.]"	"[ 493.  704.  917. 1114. 1328. 1541. 1747. 1953. 2178. 2388. 2599. 2811.
 3179. 3523. 3898.]"	29.523809523809522	19.68253968253968	25.57823129251701	2.985099173240712	"[22.22222222 21.58730159 22.53968254 27.61904762 27.3015873  26.34920635
 28.25396825 28.88888889 26.66666667 26.03174603 29.52380952 24.76190476
 19.68253968 26.66666667]"	47.3	2	7.5	[0, 0, 0, 0, 0, 0, 0, 0, 0, 0, 0, 0, 12, 12, 12]	0.9285714285714286	[74.96818975 54.53547042]	64.75183008728382	14.44811439759358	6040.467836257311	4559.005847953216	6146.491228070176	3008.7719298245615	3180.7017543859647	"[6060.52631579 6146.49122807 6017.54385965 6017.54385965 6146.49122807
 6060.52631579 6060.52631579 6017.54385965 6017.54385965 6017.54385965
 6060.52631579 6060.52631579 6060.52631579 5974.56140351 5888.59649123]"	"[4900.         4985.96491228 4942.98245614 4857.01754386 4814.03508772
 4900.         4814.03508772 4814.03508772 4814.03508772 4814.03508772
 4728.07017544 4771.05263158 3481.57894737 3137.71929825 2965.78947368]"	2922.8070175438597	1074.561403508772	1524.4444444444443	656.6750487315257	"[1160.52631579 1160.52631579 1074.56140351 1160.52631579 1332.45614035
 1160.52631579 1246.49122807 1203.50877193 1203.50877193 1203.50877193
 1332.45614035 1289.47368421 2578.94736842 2836.84210526 2922.80701754]"	25	41	2.7333333333333334	38.095238095238095	2.5396825396825395	14.301200154858693	8.284726335162626	"[19.36507937 18.73015873 16.82539683 24.12698413 18.41269841 17.77777778
 15.87301587 15.23809524 16.19047619 16.50793651 16.82539683 16.50793651
 18.41269841 15.55555556 15.55555556 13.33333333 14.92063492 15.55555556
 16.50793651 17.77777778 18.0952381  17.14285714 13.33333333 16.50793651
 13.33333333 13.96825397  9.20634921  5.07936508  4.44444444  5.71428571
  3.17460317  4.12698413  2.85714286 30.15873016 34.6031746  38.0952381
  3.80952381  3.17460317  3.80952381  3.17460317  2.53968254]"	5672.635857937527	4685.087719298245	6146.491228070176	3008.7719298245615	3180.7017543859647	"[6146.49122807 6146.49122807 6103.50877193 6060.52631579 6060.52631579
 6060.52631579 6060.52631579 6060.52631579 6060.52631579 6017.54385965
 6017.54385965 6017.54385965 6017.54385965 6017.54385965 6017.54385965
 6017.54385965 6017.54385965 5974.56140351 5974.56140351 5974.56140351
 5974.56140351 5974.56140351 5974.56140351 5974.56140351 5931.57894737
 5931.57894737 5759.64912281 5673.68421053 5630.70175439 5544.73684211
 5501.75438596 5501.75438596 5415.78947368 5372.80701754 5114.9122807
 5028.94736842 4728.07017544 4255.26315789 4212.28070175 4126.31578947
 4126.31578947]"	"[4985.96491228 4857.01754386 4985.96491228 4985.96491228 4900.
 4942.98245614 4900.         4814.03508772 5028.94736842 4942.98245614
 4942.98245614 4857.01754386 4814.03508772 4900.         4857.01754386
 4814.03508772 4814.03508772 4900.         4900.         4814.03508772
 4814.03508772 4814.03508772 4728.07017544 4900.         4900.
 4771.05263158 4942.98245614 4985.96491228 5028.94736842 5071.92982456
 5157.89473684 4384.21052632 5157.89473684 3481.57894737 3137.71929825
 2965.78947368 4341.22807018 3567.54385965 3696.49122807 3610.52631579
 3911.40350877]"	2063.157894736842	214.91228070175438	1030.530594779632	406.2339903568066	"[1160.52631579 1289.47368421 1117.54385965 1074.56140351 1160.52631579
 1117.54385965 1160.52631579 1246.49122807 1031.57894737 1074.56140351
 1074.56140351 1160.52631579 1203.50877193 1117.54385965 1160.52631579
 1203.50877193 1203.50877193 1074.56140351 1074.56140351 1160.52631579
 1160.52631579 1160.52631579 1246.49122807 1074.56140351 1031.57894737
 1160.52631579  816.66666667  687.71929825  601.75438596  472.80701754
  343.85964912 1117.54385965  257.89473684 1891.22807018 1977.19298246
 2063.15789474  386.84210526  687.71929825  515.78947368  515.78947368
  214.9122807 ]"	0	8	25	8	"[19.36507937 18.73015873 16.82539683 24.12698413 18.41269841 17.77777778
 15.87301587 15.23809524 16.19047619 16.50793651 16.82539683 16.50793651
 18.41269841 15.55555556 15.55555556 13.33333333 14.92063492 15.55555556
 16.50793651 17.77777778 18.0952381  17.14285714 13.33333333 16.50793651
 13.33333333 13.96825397  9.20634921  5.07936508  4.44444444  5.71428571
  3.17460317  4.12698413  2.85714286 30.15873016 34.6031746  38.0952381
  3.80952381  3.17460317  3.80952381  3.17460317  2.53968254]"	"[ 633. 1269.  563.  417. 1483. 1691. 2542. 2763. 3124.  772.  846. 1062.
 1201. 1904. 2117. 2262. 2335.  988. 1414. 1624. 1836. 2044. 2470. 3462.
  351. 2692. 3842. 3021. 3370. 2397. 2611. 3738. 1789. 2889. 3241. 3607.
 3316. 3737. 3365. 3015. 3698.]"	"[ 694. 1328.  616.  493. 1541. 1747. 2592. 2811. 3175.  824.  899. 1114.
 1259. 1953. 2166. 2304. 2382. 1037. 1466. 1680. 1893. 2098. 2512. 3514.
  393. 2736. 3871. 3037. 3384. 2415. 2621. 3751. 1798. 2984. 3350. 3727.
 3328. 3747. 3377. 3025. 3706.]"	"[ 633 1269  563  417 1483 1691 2542 2763 3124  772  846 1062 1201 1904
 2117 2262 2335  988 1414 1624 1836 2044 2470 3462  351 2692 3842 3021
 3370 2397 2611 3738 1789 2889 3241 3607 3316 3737 3365 3015 3698]"	"[ 694 1328  616  493 1541 1747 2592 2811 3175  824  899 1114 1259 1953
 2166 2304 2382 1037 1466 1680 1893 2098 2512 3514  393 2736 3871 3037
 3384 2415 2621 3751 1798 2984 3350 3727 3328 3747 3377 3025 3706]"	"['downsweep' 'downsweep' 'downsweep' 'downsweep' 'downsweep' 'downsweep'
 'downsweep' 'downsweep' 'upsweep' 'downsweep' 'downsweep' 'parabola'
 'downsweep' 'downsweep' 'downsweep' 'downsweep' 'downsweep' 'parabola'
 'downsweep' 'downsweep' 'downsweep' 'downsweep' 'downsweep' 'downsweep'
 'downsweep' 'parabola' 'parabola' 'parabola' 'upsweep' 'upsweep'
 'upsweep3' 'upsweep3' 'parabola' 'downsweep' 'downsweep' 'downsweep'
 'parabola' 'upsweep2' 'upsweep2' 'upsweep2' 'parabola']"	"[1647 1770 1378 1900 1566 1456 1350 1392 1224 1300 1325 1404 1624 1274
 1323 1176 1316 1225 1300 1512 1539 1458 1218 1300 1008 1188  551  256
  196  198   80  338   54 4180 5014 5760  108  160  144  120   40]"
