FileName	bout_duration(ms)	num_syllables	num_syllable_per_bout_duration(1/ms)	largest_syllable_duration(ms)	smallest_syllable_duration(ms)	avg_syllable_duration(ms)	std_syllable_duration(ms)	All_Syllables_syllable_duration(ms)	onsets	offsets	ms_per_pixel	hz_per_pixel	onsets_rescaled	offsets_rescaled	largest_silence_duration(ms)	smallest_silence_duration(ms)	avg_silence_duration(ms)	std_silence_duration(ms)	All_Syllables_silence_duration(ms)	syll_correlation_threshold	num_unique_syllables	num_syllables_per_num_unique	syllable_pattern	sequential_repetition	syllable_stereotypy	mean_syllable_stereotypy	std_syllable_stereotypy	avg_sylls_upper_freq(Hz)	avg_sylls_lower_freq(Hz)	max_sylls_freq(Hz)	min_sylls_freq(Hz)	overall_sylls_freq_range(Hz)	All_Syllables_sylls_Upper_Freq_(Hz)	All_Syllables_sylls_Lower_Freq_(Hz)	largest_sylls_freq_modulation(Hz)	smallest_sylls_freq_modulation(Hz)	avg_sylls_freq_modulation(Hz)	std_sylls_freq_modulation(Hz)	All_Syllables_sylls_freq_modulation(Hz)	note_size_threshold	num_notes	num_notes_per_syll	largest_note_duration(ms)	smallest_note_duration(ms)	avg_note_duration(ms)	std_note_duration(ms)	All_Syllables_note_duration(ms)	avg_notes_upper_freq(Hz)	avg_notes_lower_freq(Hz)	max_notes_freq(Hz)	min_notes_freq(Hz)	overall_notes_freq_range(Hz)	All_Syllables_notes_Upper_Freq_(Hz)	All_Syllables_notes_Lower_Freq_(Hz)	largest_notes_freq_modulation(Hz)	smallest_notes_freq_modulation(Hz)	avg_notes_freq_modulation(Hz)	std_notes_freq_modulation(Hz)	All_Syllables_notes_freq_modulation(Hz)	num_flat	num_upsweeps	num_downsweeps	num_parabolas	note_lengths	note_onsets	note_offsets	note_onsets_unrescaled	note_offsets_unrescaled	note_shapes	note_sizes
SegSyllsOutput_Junco-hyemalis-79618_F1_bout8.gzip	1510.1587301587301	13	0.008608366617616145	94.28571428571428	89.2063492063492	91.33089133089132	1.2591121832963879	"[89.84126984 90.79365079 92.6984127  91.74603175 90.79365079 91.11111111
 89.20634921 91.42857143 90.79365079 92.06349206 91.42857143 91.11111111
 94.28571429]"	[ 804 1169 1533 1906 2280 2649 3020 3386 3758 4128 4507 4886 5264]	[1087 1455 1825 2195 2566 2936 3301 3674 4044 4418 4795 5173 5561]	0.31746031746031744	42.98245614035088	"[ 804. 1169. 1533. 1906. 2280. 2649. 3020. 3386. 3758. 4128. 4507. 4886.
 5264.]"	"[1087. 1455. 1825. 2195. 2566. 2936. 3301. 3674. 4044. 4418. 4795. 5173.
 5561.]"	28.888888888888886	24.76190476190476	26.90476190476191	1.2415683701200242	"[26.03174603 24.76190476 25.71428571 26.98412698 26.34920635 26.66666667
 26.98412698 26.66666667 26.66666667 28.25396825 28.88888889 28.88888889]"	47.3	1	13.0	[0, 0, 0, 0, 0, 0, 0, 0, 0, 0, 0, 0, 0]	1.0	[86.36290256]	86.3629025592377		7442.577597840755	3283.1983805668006	7607.894736842105	3223.684210526316	4427.19298245614	"[7607.89473684 7435.96491228 7478.94736842 7350.         7521.92982456
 7435.96491228 7435.96491228 7435.96491228 7392.98245614 7392.98245614
 7350.         7478.94736842 7435.96491228]"	"[3180.70175439 3180.70175439 3266.66666667 3266.66666667 3223.68421053
 3266.66666667 3223.68421053 3266.66666667 3223.68421053 3309.64912281
 3223.68421053 3309.64912281 3180.70175439]"	4427.19298245614	4083.3333333333335	4202.361673414305	93.1074580534557	"[4427.19298246 4255.26315789 4212.28070175 4083.33333333 4298.24561404
 4169.29824561 4212.28070175 4169.29824561 4169.29824561 4083.33333333
 4126.31578947 4169.29824561 4255.26315789]"	25	37	2.8461538461538463	54.285714285714285	12.063492063492063	32.99013299013299	15.748964705647493	"[16.82539683 39.04761905 14.28571429 12.6984127  13.96825397 13.33333333
 13.96825397 14.28571429 43.17460317 13.33333333 12.38095238 13.96825397
 12.06349206 50.47619048 51.74603175 52.06349206 50.47619048 51.74603175
 50.47619048 52.06349206 51.74603175 52.06349206 49.84126984 51.74603175
 51.42857143 54.28571429 29.52380952 26.03174603 28.88888889 29.52380952
 28.88888889 29.52380952 29.20634921 27.93650794 28.57142857 29.84126984
 29.20634921]"	5827.027027027027	4155.357989568516	7607.894736842105	3223.684210526316	4427.19298245614	"[7607.89473684 7521.92982456 7478.94736842 7478.94736842 7435.96491228
 7435.96491228 7435.96491228 7435.96491228 7435.96491228 7392.98245614
 7392.98245614 7350.         7350.         5114.9122807  5071.92982456
 5071.92982456 5071.92982456 5071.92982456 5071.92982456 5071.92982456
 5071.92982456 5071.92982456 5028.94736842 5028.94736842 5028.94736842
 5028.94736842 4942.98245614 4900.         4900.         4900.
 4771.05263158 4771.05263158 4771.05263158 4771.05263158 4771.05263158
 4771.05263158 4771.05263158]"	"[4728.07017544 3223.68421053 4728.07017544 4942.98245614 4728.07017544
 4642.10526316 4857.01754386 4771.05263158 3180.70175439 4814.03508772
 4814.03508772 4728.07017544 4814.03508772 4513.15789474 4427.19298246
 4470.1754386  4427.19298246 4427.19298246 4384.21052632 4427.19298246
 4470.1754386  4384.21052632 4427.19298246 4384.21052632 4341.22807018
 4384.21052632 3223.68421053 3223.68421053 3266.66666667 3309.64912281
 3180.70175439 3180.70175439 3266.66666667 3266.66666667 3266.66666667
 3223.68421053 3309.64912281]"	4298.245614035088	601.7543859649122	1714.651493598862	1031.3691768171975	"[2879.8245614  4298.24561404 2750.87719298 2535.96491228 2707.89473684
 2793.85964912 2578.94736842 2664.9122807  4255.26315789 2578.94736842
 2578.94736842 2621.92982456 2535.96491228  601.75438596  644.73684211
  601.75438596  644.73684211  644.73684211  687.71929825  644.73684211
  601.75438596  687.71929825  601.75438596  644.73684211  687.71929825
  644.73684211 1719.29824561 1676.31578947 1633.33333333 1590.35087719
 1590.35087719 1590.35087719 1504.38596491 1504.38596491 1504.38596491
 1547.36842105 1461.40350877]"	13	10	14	0	"[16.82539683 39.04761905 14.28571429 12.6984127  13.96825397 13.33333333
 13.96825397 14.28571429 43.17460317 13.33333333 12.38095238 13.96825397
 12.06349206 50.47619048 51.74603175 52.06349206 50.47619048 51.74603175
 50.47619048 52.06349206 51.74603175 52.06349206 49.84126984 51.74603175
 51.42857143 54.28571429 29.52380952 26.03174603 28.88888889 29.52380952
 28.88888889 29.52380952 29.20634921 27.93650794 28.57142857 29.84126984
 29.20634921]"	"[ 956. 2443. 1697. 5051. 1329. 2811. 3178. 3546. 5425. 3921. 4295. 2071.
 4673.  804. 1533. 1906. 2280. 2649. 3020. 3386. 3758. 4886. 1169. 4128.
 4507. 5264. 4702. 3219. 3583. 5080.  996. 1362. 1733. 2107. 2846. 3950.
 4326.]"	"[1009. 2566. 1742. 5091. 1373. 2853. 3222. 3591. 5561. 3963. 4334. 2115.
 4711.  963. 1696. 2070. 2439. 2812. 3179. 3550. 3921. 5050. 1326. 4291.
 4669. 5435. 4795. 3301. 3674. 5173. 1087. 1455. 1825. 2195. 2936. 4044.
 4418.]"	"[ 956 2443 1697 5051 1329 2811 3178 3546 5425 3921 4295 2071 4673  804
 1533 1906 2280 2649 3020 3386 3758 4886 1169 4128 4507 5264 4702 3219
 3583 5080  996 1362 1733 2107 2846 3950 4326]"	"[1009 2566 1742 5091 1373 2853 3222 3591 5561 3963 4334 2115 4711  963
 1696 2070 2439 2812 3179 3550 3921 5050 1326 4291 4669 5435 4795 3301
 3674 5173 1087 1455 1825 2195 2936 4044 4418]"	"['downsweep' 'downsweep' 'downsweep3' 'downsweep3' 'downsweep3'
 'downsweep3' 'downsweep' 'downsweep' 'downsweep' 'downsweep3'
 'downsweep3' 'downsweep' 'downsweep3' 'flat' 'flat' 'flat' 'flat' 'flat'
 'flat' 'flat' 'flat' 'flat' 'flat' 'flat' 'flat' 'flat' 'upsweep'
 'downsweep' 'upsweep' 'upsweep' 'upsweep' 'upsweep' 'upsweep' 'upsweep'
 'upsweep' 'upsweep' 'upsweep']"	"[ 3551 12300  2880  2360  2772  2730  2640  2790 13464  2520  2340  2684
  2242  2226  2445  2296  2385  2445  2544  2460  2282  2624  2198  2445
  2592  2565  3720  3198  3458  3441  3367  3441  3220  3080  3150  3384
  3128]"
SegSyllsOutput_Junco-hyemalis-79618_F1_bout4.gzip	1503.1746031746031	13	0.008648363252375925	90.47619047619047	87.30158730158729	88.37606837606836	0.8935860543849563	"[87.3015873  87.3015873  88.88888889 87.93650794 88.25396825 88.57142857
 88.57142857 87.93650794 87.93650794 88.57142857 87.61904762 89.52380952
 90.47619048]"	[ 661 1021 1382 1750 2114 2485 2854 3225 3596 3970 4338 4709 5111]	[ 936 1296 1662 2027 2392 2764 3133 3502 3873 4249 4614 4991 5396]	0.31746031746031744	42.98245614035088	"[ 661. 1021. 1382. 1750. 2114. 2485. 2854. 3225. 3596. 3970. 4338. 4709.
 5111.]"	"[ 936. 1296. 1662. 2027. 2392. 2764. 3133. 3502. 3873. 4249. 4614. 4991.
 5396.]"	38.095238095238095	26.984126984126984	29.523809523809522	2.950223419951064	"[26.98412698 27.3015873  27.93650794 27.61904762 29.52380952 28.57142857
 29.20634921 29.84126984 30.79365079 28.25396825 30.15873016 38.0952381 ]"	47.3	1	13.0	[0, 0, 0, 0, 0, 0, 0, 0, 0, 0, 0, 0, 0]	1.0	[85.99641134]	85.99641133757137		7211.133603238866	3382.3886639676107	7521.929824561404	3266.6666666666665	4298.245614035088	"[7521.92982456 7350.         7135.0877193  7264.03508772 7178.07017544
 7307.01754386 7135.0877193  7049.12280702 7006.14035088 7135.0877193
 7092.10526316 7178.07017544 7392.98245614]"	"[3309.64912281 3309.64912281 3309.64912281 3352.63157895 3352.63157895
 3395.61403509 3395.61403509 3352.63157895 3352.63157895 3352.63157895
 3352.63157895 3352.63157895 3223.68421053]"	4212.2807017543855	3653.5087719298244	3871.7273954116067	174.12010170912163	"[4212.28070175 4040.35087719 3825.43859649 3911.40350877 3825.43859649
 3911.40350877 3739.47368421 3696.49122807 3653.50877193 3782.45614035
 3739.47368421 3825.43859649 4169.29824561]"	25	39	3.0	49.84126984126984	9.84126984126984	28.620268620268618	15.684856109560531	"[13.33333333 11.74603175 10.15873016 11.42857143 10.15873016  9.84126984
  9.84126984 10.15873016  9.84126984 10.15873016 10.79365079  9.84126984
  9.84126984 46.98412698 47.93650794 46.34920635 48.57142857 47.61904762
 49.84126984 48.88888889 48.57142857 47.93650794 49.20634921 48.88888889
 47.93650794 48.88888889 26.66666667 27.93650794 28.57142857 26.34920635
 26.66666667 26.03174603 27.3015873  26.66666667 30.79365079 26.34920635
 25.71428571 26.34920635 26.03174603]"	5695.726495726495	4257.467386414754	7521.929824561404	3266.6666666666665	4298.245614035088	"[7521.92982456 7392.98245614 7350.         7307.01754386 7264.03508772
 7178.07017544 7178.07017544 7135.0877193  7135.0877193  7135.0877193
 7092.10526316 7049.12280702 7006.14035088 5157.89473684 5114.9122807
 5071.92982456 5071.92982456 5071.92982456 5071.92982456 5028.94736842
 5028.94736842 5028.94736842 5028.94736842 5028.94736842 5028.94736842
 5028.94736842 4942.98245614 4942.98245614 4857.01754386 4857.01754386
 4857.01754386 4814.03508772 4814.03508772 4814.03508772 4814.03508772
 4771.05263158 4771.05263158 4728.07017544 4642.10526316]"	"[4857.01754386 4900.         4728.07017544 4814.03508772 4728.07017544
 4814.03508772 4942.98245614 4814.03508772 4857.01754386 4900.
 4857.01754386 4728.07017544 4857.01754386 4599.12280702 4470.1754386
 4470.1754386  4470.1754386  4470.1754386  4470.1754386  4470.1754386
 4470.1754386  4470.1754386  4470.1754386  4470.1754386  4427.19298246
 4427.19298246 3395.61403509 3352.63157895 3309.64912281 3395.61403509
 3352.63157895 3352.63157895 3352.63157895 3352.63157895 3223.68421053
 3352.63157895 3352.63157895 3309.64912281 3309.64912281]"	2664.9122807017543	558.7719298245614	1481.241565452092	749.6093493579322	"[2664.9122807  2492.98245614 2621.92982456 2492.98245614 2535.96491228
 2364.03508772 2235.0877193  2321.05263158 2278.07017544 2235.0877193
 2235.0877193  2321.05263158 2149.12280702  558.77192982  644.73684211
  601.75438596  601.75438596  601.75438596  601.75438596  558.77192982
  558.77192982  558.77192982  558.77192982  558.77192982  601.75438596
  601.75438596 1547.36842105 1590.35087719 1547.36842105 1461.40350877
 1504.38596491 1461.40350877 1461.40350877 1461.40350877 1590.35087719
 1418.42105263 1418.42105263 1418.42105263 1332.45614035]"	13	13	13	0	"[13.33333333 11.74603175 10.15873016 11.42857143 10.15873016  9.84126984
  9.84126984 10.15873016  9.84126984 10.15873016 10.79365079  9.84126984
  9.84126984 46.98412698 47.93650794 46.34920635 48.57142857 47.61904762
 49.84126984 48.88888889 48.57142857 47.93650794 49.20634921 48.88888889
 47.93650794 48.88888889 26.66666667 27.93650794 28.57142857 26.34920635
 26.66666667 26.03174603 27.3015873  26.66666667 30.79365079 26.34920635
 25.71428571 26.34920635 26.03174603]"	"[ 812. 5274. 1182. 2647. 1913. 2282. 4877. 1551. 3020. 4135. 4501. 3390.
 3763.  661. 2854. 1021. 1382. 1750. 5111. 2114. 2485. 3225. 3596. 3970.
 4338. 4709. 2680. 4903.  846. 3050. 3418. 3791. 4163. 4530. 5299. 1944.
 2311. 1213. 1580.]"	"[ 854. 5311. 1214. 2683. 1945. 2313. 4908. 1583. 3051. 4167. 4535. 3421.
 3794.  809. 3005. 1167. 1535. 1900. 5268. 2268. 2638. 3376. 3751. 4124.
 4489. 4863. 2764. 4991.  936. 3133. 3502. 3873. 4249. 4614. 5396. 2027.
 2392. 1296. 1662.]"	"[ 812 5274 1182 2647 1913 2282 4877 1551 3020 4135 4501 3390 3763  661
 2854 1021 1382 1750 5111 2114 2485 3225 3596 3970 4338 4709 2680 4903
  846 3050 3418 3791 4163 4530 5299 1944 2311 1213 1580]"	"[ 854 5311 1214 2683 1945 2313 4908 1583 3051 4167 4535 3421 3794  809
 3005 1167 1535 1900 5268 2268 2638 3376 3751 4124 4489 4863 2764 4991
  936 3133 3502 3873 4249 4614 5396 2027 2392 1296 1662]"	"['downsweep' 'downsweep3' 'downsweep3' 'downsweep3' 'downsweep3'
 'downsweep3' 'downsweep3' 'downsweep3' 'downsweep3' 'downsweep3'
 'downsweep3' 'downsweep3' 'downsweep3' 'flat' 'flat' 'flat' 'flat' 'flat'
 'flat' 'flat' 'flat' 'flat' 'flat' 'flat' 'upsweep' 'flat' 'flat'
 'upsweep' 'upsweep' 'upsweep' 'upsweep' 'upsweep' 'upsweep' 'upsweep'
 'upsweep' 'upsweep' 'upsweep' 'upsweep' 'upsweep']"	"[2604 2146 1952 2088 1888 1705 1612 1728 1643 1664 1768 1674 1550 1924
 2265 2044 2142 2100 2198 2002 1989 1963 2015 2002 2114 2156 3024 3256
 3240 2822 2940 2788 2924 2856 3589 2739 2673 2739 2542]"
SegSyllsOutput_Junco-hyemalis-79618_F1_bout5.gzip	1644.7619047619046	14	0.008511870295309787	93.65079365079364	89.2063492063492	91.04308390022676	1.2400571252148411	"[90.47619048 91.42857143 91.42857143 90.79365079 89.84126984 90.15873016
 89.52380952 89.20634921 91.42857143 91.74603175 91.11111111 90.79365079
 93.65079365 93.01587302]"	[ 681 1046 1415 1783 2153 2524 2893 3262 3631 4003 4381 4762 5138 5569]	[ 966 1334 1703 2069 2436 2808 3175 3543 3919 4292 4668 5048 5433 5862]	0.31746031746031744	42.98245614035088	"[ 681. 1046. 1415. 1783. 2153. 2524. 2893. 3262. 3631. 4003. 4381. 4762.
 5138. 5569.]"	"[ 966. 1334. 1703. 2069. 2436. 2808. 3175. 3543. 3919. 4292. 4668. 5048.
 5433. 5862.]"	43.17460317460317	25.396825396825395	28.473748473748472	4.606611771630295	"[25.3968254  25.71428571 25.3968254  26.66666667 27.93650794 26.98412698
 27.61904762 27.93650794 26.66666667 28.25396825 29.84126984 28.57142857
 43.17460317]"	47.3	1	14.0	[0, 0, 0, 0, 0, 0, 0, 0, 0, 0, 0, 0, 0, 0]	1.0	[86.37477075]	86.37477075201731		7374.561403508771	3300.4385964912276	7564.912280701754	3223.684210526316	4384.210526315789	"[7564.9122807  7307.01754386 7392.98245614 7392.98245614 7478.94736842
 7435.96491228 7392.98245614 7350.         7307.01754386 7392.98245614
 7350.         7135.0877193  7392.98245614 7350.        ]"	"[3180.70175439 3223.68421053 3266.66666667 3266.66666667 3266.66666667
 3266.66666667 3266.66666667 3266.66666667 3266.66666667 3266.66666667
 3309.64912281 3309.64912281 3266.66666667 3180.70175439]"	4384.210526315789	3825.438596491228	4117.105263157895	119.42457290994041	"[4384.21052632 4083.33333333 4126.31578947 4126.31578947 4212.28070175
 4169.29824561 4126.31578947 4083.33333333 4040.35087719 4126.31578947
 4040.35087719 3825.43859649 4126.31578947 4169.29824561]"	25	40	2.857142857142857	52.698412698412696	10.158730158730158	32.817460317460316	15.543455046211507	"[16.50793651 13.01587302 13.96825397 39.68253968 13.33333333 13.65079365
 40.         13.96825397 13.65079365 12.6984127  16.19047619 15.23809524
 13.33333333 10.15873016 50.15873016 52.6984127  51.42857143 48.88888889
 50.79365079 50.47619048 51.11111111 52.6984127  51.74603175 51.11111111
 51.74603175 51.42857143 51.74603175 51.42857143 30.79365079 30.79365079
 33.01587302 28.88888889 27.93650794 28.88888889 28.88888889 28.25396825
 27.61904762 28.25396825 27.61904762 28.88888889]"	5795.109649122806	4170.372807017543	7564.912280701754	3223.684210526316	4384.210526315789	"[7564.9122807  7478.94736842 7435.96491228 7392.98245614 7392.98245614
 7392.98245614 7392.98245614 7392.98245614 7350.         7350.
 7350.         7307.01754386 7307.01754386 7135.0877193  5071.92982456
 5071.92982456 5071.92982456 5071.92982456 5071.92982456 5071.92982456
 5071.92982456 5071.92982456 5028.94736842 5028.94736842 5028.94736842
 5028.94736842 5028.94736842 5028.94736842 4942.98245614 4900.
 4900.         4857.01754386 4857.01754386 4857.01754386 4857.01754386
 4814.03508772 4771.05263158 4771.05263158 4728.07017544 4556.14035088]"	"[4771.05263158 4685.0877193  4728.07017544 3266.66666667 4642.10526316
 4857.01754386 3266.66666667 4985.96491228 4728.07017544 4771.05263158
 4900.         4814.03508772 4900.         4814.03508772 4470.1754386
 4427.19298246 4427.19298246 4470.1754386  4427.19298246 4427.19298246
 4427.19298246 4384.21052632 4427.19298246 4384.21052632 4427.19298246
 4384.21052632 4384.21052632 4427.19298246 3266.66666667 3180.70175439
 3180.70175439 3266.66666667 3266.66666667 3309.64912281 3309.64912281
 3266.66666667 3266.66666667 3266.66666667 3266.66666667 3223.68421053]"	4126.315789473684	601.7543859649122	1667.719298245614	980.2087994057997	"[2793.85964912 2793.85964912 2707.89473684 4126.31578947 2750.87719298
 2535.96491228 4126.31578947 2407.01754386 2621.92982456 2578.94736842
 2450.         2492.98245614 2407.01754386 2321.05263158  601.75438596
  644.73684211  644.73684211  601.75438596  644.73684211  644.73684211
  644.73684211  687.71929825  601.75438596  644.73684211  601.75438596
  644.73684211  644.73684211  601.75438596 1676.31578947 1719.29824561
 1719.29824561 1590.35087719 1590.35087719 1547.36842105 1547.36842105
 1547.36842105 1504.38596491 1504.38596491 1461.40350877 1332.45614035]"	14	12	14	0	"[16.50793651 13.01587302 13.96825397 39.68253968 13.33333333 13.65079365
 40.         13.96825397 13.65079365 12.6984127  16.19047619 15.23809524
 13.33333333 10.15873016 50.15873016 52.6984127  51.42857143 48.88888889
 50.79365079 50.47619048 51.11111111 52.6984127  51.74603175 51.11111111
 51.74603175 51.42857143 51.74603175 51.42857143 30.79365079 30.79365079
 33.01587302 28.88888889 27.93650794 28.88888889 28.88888889 28.25396825
 27.61904762 28.25396825 27.61904762 28.88888889]"	"[ 833. 2315. 2682. 1578. 1945. 3050. 4166. 5304. 3421. 4545. 5721. 1206.
 3795. 4933.  681. 1046. 1783. 2524. 2893. 3262. 4381. 5138. 1415. 2153.
 3631. 4003. 4762. 5569. 5336.  869. 5758. 2717. 3455. 4577. 4957. 3830.
 1982. 3086. 2349. 1243.]"	"[ 885. 2356. 2726. 1703. 1987. 3093. 4292. 5348. 3464. 4585. 5772. 1254.
 3837. 4965.  839. 1212. 1945. 2678. 3053. 3421. 4542. 5304. 1578. 2314.
 3794. 4165. 4925. 5731. 5433.  966. 5862. 2808. 3543. 4668. 5048. 3919.
 2069. 3175. 2436. 1334.]"	"[ 833 2315 2682 1578 1945 3050 4166 5304 3421 4545 5721 1206 3795 4933
  681 1046 1783 2524 2893 3262 4381 5138 1415 2153 3631 4003 4762 5569
 5336  869 5758 2717 3455 4577 4957 3830 1982 3086 2349 1243]"	"[ 885 2356 2726 1703 1987 3093 4292 5348 3464 4585 5772 1254 3837 4965
  839 1212 1945 2678 3053 3421 4542 5304 1578 2314 3794 4165 4925 5731
 5433  966 5862 2808 3543 4668 5048 3919 2069 3175 2436 1334]"	"['downsweep' 'downsweep3' 'downsweep3' 'downsweep' 'downsweep3'
 'downsweep' 'downsweep' 'downsweep3' 'downsweep3' 'downsweep3'
 'downsweep' 'downsweep' 'downsweep' 'downsweep3' 'flat' 'flat' 'flat'
 'flat' 'flat' 'flat' 'flat' 'flat' 'flat' 'flat' 'flat' 'flat' 'flat'
 'flat' 'upsweep' 'upsweep' 'upsweep' 'upsweep' 'upsweep' 'upsweep'
 'upsweep' 'upsweep' 'upsweep' 'upsweep' 'upsweep' 'upsweep']"	"[ 3380  2665  2772 12000  2688  2537 12096  2464  2623  2400  2907  2784
  2352  1728  2212  2490  2430  2156  2400  2385  2415  2656  2282  2415
  2282  2430  2445  2268  3783  3880  4160  3367  3256  3276  3276  3204
  3045  3115  2958  2821]"
SegSyllsOutput_Junco-hyemalis-79618_F1_bout2.gzip	1512.6984126984125	13	0.008593913955928647	93.33333333333333	88.57142857142857	90.9157509157509	1.198655930595033	"[88.57142857 90.15873016 91.74603175 90.47619048 91.42857143 89.84126984
 91.42857143 89.84126984 91.74603175 90.47619048 91.74603175 91.11111111
 93.33333333]"	[ 458  819 1180 1551 1917 2292 2659 3037 3404 3780 4162 4551 4929]	[ 737 1103 1469 1836 2205 2575 2947 3320 3693 4065 4451 4838 5223]	0.31746031746031744	42.98245614035088	"[ 458.  819. 1180. 1551. 1917. 2292. 2659. 3037. 3404. 3780. 4162. 4551.
 4929.]"	"[ 737. 1103. 1469. 1836. 2205. 2575. 2947. 3320. 3693. 4065. 4451. 4838.
 5223.]"	31.746031746031743	24.444444444444443	27.56613756613757	2.135317110584225	"[26.03174603 24.44444444 26.03174603 25.71428571 27.61904762 26.66666667
 28.57142857 26.66666667 27.61904762 30.79365079 31.74603175 28.88888889]"	47.3	1	13.0	[0, 0, 0, 0, 0, 0, 0, 0, 0, 0, 0, 0, 0]	1.0	[87.34110855]	87.34110855236328		7402.9014844804315	3303.0364372469644	7435.964912280701	3266.6666666666665	4212.2807017543855	"[7435.96491228 7435.96491228 7435.96491228 7435.96491228 7435.96491228
 7392.98245614 7350.         7392.98245614 7435.96491228 7392.98245614
 7392.98245614 7307.01754386 7392.98245614]"	"[3223.68421053 3223.68421053 3223.68421053 3266.66666667 3309.64912281
 3266.66666667 3266.66666667 3309.64912281 3266.66666667 3309.64912281
 3223.68421053 3266.66666667 3223.68421053]"	4212.2807017543855	4040.3508771929824	4142.84750337382	56.96448965988096	"[4212.28070175 4212.28070175 4212.28070175 4169.29824561 4126.31578947
 4126.31578947 4083.33333333 4083.33333333 4169.29824561 4083.33333333
 4169.29824561 4040.35087719 4169.29824561]"	25	39	3.0	52.38095238095238	12.063492063492063	31.12739112739113	15.260000392597135	"[16.50793651 13.65079365 13.96825397 12.6984127  13.01587302 14.92063492
 14.28571429 13.33333333 13.01587302 13.65079365 16.19047619 13.96825397
 12.06349206 49.20634921 49.52380952 49.52380952 50.15873016 49.20634921
 50.15873016 50.47619048 51.74603175 51.42857143 51.74603175 50.79365079
 50.79365079 29.20634921 52.38095238 28.25396825 28.25396825 29.20634921
 29.84126984 27.93650794 28.88888889 28.25396825 29.52380952 30.79365079
 28.88888889 27.93650794 28.57142857]"	5769.568151147098	4197.95321637427	7435.964912280701	3266.6666666666665	4212.2807017543855	"[7435.96491228 7435.96491228 7435.96491228 7435.96491228 7435.96491228
 7435.96491228 7392.98245614 7392.98245614 7392.98245614 7392.98245614
 7392.98245614 7350.         7307.01754386 5114.9122807  5071.92982456
 5071.92982456 5071.92982456 5071.92982456 5071.92982456 5071.92982456
 5071.92982456 5071.92982456 5028.94736842 5028.94736842 5028.94736842
 5028.94736842 5028.94736842 4985.96491228 4942.98245614 4900.
 4857.01754386 4857.01754386 4814.03508772 4814.03508772 4814.03508772
 4814.03508772 4728.07017544 4728.07017544 4685.0877193 ]"	"[4685.0877193  4728.07017544 4771.05263158 4857.01754386 4771.05263158
 4857.01754386 4728.07017544 4771.05263158 4857.01754386 4900.
 4771.05263158 4728.07017544 4771.05263158 4513.15789474 4470.1754386
 4427.19298246 4427.19298246 4470.1754386  4427.19298246 4427.19298246
 4384.21052632 4427.19298246 4341.22807018 4384.21052632 4384.21052632
 3266.66666667 4384.21052632 3309.64912281 3266.66666667 3223.68421053
 3223.68421053 3309.64912281 3223.68421053 3266.66666667 3266.66666667
 3223.68421053 3266.66666667 3309.64912281 3223.68421053]"	2750.877192982456	601.7543859649122	1614.5973909131808	821.1665267534719	"[2750.87719298 2707.89473684 2664.9122807  2578.94736842 2664.9122807
 2578.94736842 2664.9122807  2621.92982456 2535.96491228 2492.98245614
 2621.92982456 2621.92982456 2535.96491228  601.75438596  601.75438596
  644.73684211  644.73684211  601.75438596  644.73684211  644.73684211
  687.71929825  644.73684211  687.71929825  644.73684211  644.73684211
 1762.28070175  644.73684211 1676.31578947 1676.31578947 1676.31578947
 1633.33333333 1547.36842105 1590.35087719 1547.36842105 1547.36842105
 1590.35087719 1461.40350877 1418.42105263 1461.40350877]"	11	15	13	0	"[16.50793651 13.65079365 13.96825397 12.6984127  13.01587302 14.92063492
 14.28571429 13.33333333 13.01587302 13.65079365 16.19047619 13.96825397
 12.06349206 49.20634921 49.52380952 49.52380952 50.15873016 49.20634921
 50.15873016 50.47619048 51.74603175 51.42857143 51.74603175 50.79365079
 50.79365079 29.20634921 52.38095238 28.25396825 28.25396825 29.20634921
 29.84126984 27.93650794 28.88888889 28.25396825 29.52380952 30.79365079
 28.88888889 27.93650794 28.57142857]"	"[ 606.  977. 1343. 1713. 2084. 3564. 2448. 3200. 3944. 4324. 5088. 2822.
 4717.  458.  819. 1551. 1917. 2292. 2659. 3037. 3404. 3780. 1180. 4162.
 4551. 4746. 4929. 3976. 2858. 4359.  643. 3232. 1378. 2486. 3600. 5126.
 1745. 2117. 1013.]"	"[ 658. 1020. 1387. 1753. 2125. 3611. 2493. 3242. 3985. 4367. 5139. 2866.
 4755.  613.  975. 1707. 2075. 2447. 2817. 3196. 3567. 3942. 1343. 4322.
 4711. 4838. 5094. 4065. 2947. 4451.  737. 3320. 1469. 2575. 3693. 5223.
 1836. 2205. 1103.]"	"[ 606  977 1343 1713 2084 3564 2448 3200 3944 4324 5088 2822 4717  458
  819 1551 1917 2292 2659 3037 3404 3780 1180 4162 4551 4746 4929 3976
 2858 4359  643 3232 1378 2486 3600 5126 1745 2117 1013]"	"[ 658 1020 1387 1753 2125 3611 2493 3242 3985 4367 5139 2866 4755  613
  975 1707 2075 2447 2817 3196 3567 3942 1343 4322 4711 4838 5094 4065
 2947 4451  737 3320 1469 2575 3693 5223 1836 2205 1103]"	"['downsweep' 'downsweep' 'downsweep3' 'downsweep3' 'downsweep3'
 'downsweep3' 'downsweep' 'downsweep3' 'downsweep3' 'downsweep3'
 'downsweep' 'downsweep3' 'downsweep3' 'flat' 'flat' 'flat' 'flat'
 'upsweep' 'flat' 'flat' 'flat' 'flat' 'upsweep' 'flat' 'flat' 'upsweep'
 'flat' 'upsweep' 'upsweep' 'upsweep' 'upsweep' 'upsweep' 'upsweep'
 'upsweep' 'upsweep' 'upsweep' 'upsweep' 'upsweep' 'upsweep']"	"[3328 2709 2728 2400 2542 2820 2790 2562 2419 2494 3111 2684 2242 2170
 2184 2340 2370 2170 2370 2385 2608 2430 2608 2400 2400 3772 2475 3471
 3471 3588 3572 3168 3367 3204 3348 3589 3094 2904 3060]"
SegSyllsOutput_Junco-hyemalis-79618_F1_bout3.gzip	1501.2698412698412	13	0.008659336011841828	92.6984126984127	88.88888888888889	90.47619047619047	1.2018853641905352	"[88.88888889 90.15873016 91.74603175 90.15873016 89.84126984 89.52380952
 91.11111111 90.47619048 88.88888889 90.15873016 90.15873016 92.38095238
 92.6984127 ]"	[ 485  841 1201 1571 1935 2303 2666 3039 3414 3781 4157 4537 4922]	[ 765 1125 1490 1855 2218 2585 2953 3324 3694 4065 4441 4828 5214]	0.31746031746031744	42.98245614035088	"[ 485.  841. 1201. 1571. 1935. 2303. 2666. 3039. 3414. 3781. 4157. 4537.
 4922.]"	"[ 765. 1125. 1490. 1855. 2218. 2585. 2953. 3324. 3694. 4065. 4441. 4828.
 5214.]"	30.476190476190474	24.126984126984127	27.08994708994709	2.137461362616312	"[24.12698413 24.12698413 25.71428571 25.3968254  26.98412698 25.71428571
 27.3015873  28.57142857 27.61904762 29.20634921 30.47619048 29.84126984]"	47.3	1	13.0	[0, 0, 0, 0, 0, 0, 0, 0, 0, 0, 0, 0, 0]	1.0	[86.28557986]	86.28557985996613		7435.964912280701	3306.3427800269897	7607.894736842105	3223.684210526316	4427.19298245614	"[7607.89473684 7435.96491228 7564.9122807  7435.96491228 7392.98245614
 7392.98245614 7350.         7435.96491228 7435.96491228 7392.98245614
 7392.98245614 7435.96491228 7392.98245614]"	"[3180.70175439 3266.66666667 3223.68421053 3309.64912281 3309.64912281
 3309.64912281 3309.64912281 3266.66666667 3266.66666667 3266.66666667
 3266.66666667 3266.66666667 3180.70175439]"	4427.19298245614	4040.3508771929824	4172.604588394062	105.95784043038343	"[4427.19298246 4169.29824561 4341.22807018 4126.31578947 4083.33333333
 4083.33333333 4040.35087719 4169.29824561 4169.29824561 4126.31578947
 4126.31578947 4169.29824561 4212.28070175]"	25	38	2.923076923076923	52.06349206349206	12.698412698412698	31.97994987468671	15.381968482591576	"[18.41269841 12.6984127  14.6031746  14.28571429 14.28571429 13.96825397
 13.96825397 14.28571429 13.01587302 13.96825397 13.01587302 42.22222222
 13.96825397 49.20634921 51.11111111 51.74603175 51.74603175 51.42857143
 51.42857143 48.88888889 51.11111111 51.11111111 50.47619048 50.15873016
 51.42857143 52.06349206 28.88888889 27.93650794 27.61904762 28.25396825
 28.57142857 29.20634921 29.20634921 27.93650794 27.3015873  30.15873016
 27.61904762 27.93650794]"	5804.89381348107	4162.511542012928	7607.894736842105	3223.684210526316	4427.19298245614	"[7607.89473684 7564.9122807  7435.96491228 7435.96491228 7435.96491228
 7435.96491228 7435.96491228 7392.98245614 7392.98245614 7392.98245614
 7392.98245614 7392.98245614 7350.         5114.9122807  5114.9122807
 5114.9122807  5114.9122807  5071.92982456 5071.92982456 5071.92982456
 5071.92982456 5071.92982456 5028.94736842 5028.94736842 5028.94736842
 5028.94736842 4985.96491228 4900.         4900.         4900.
 4900.         4814.03508772 4814.03508772 4771.05263158 4771.05263158
 4771.05263158 4728.07017544 4728.07017544]"	"[4556.14035088 4685.0877193  4814.03508772 4599.12280702 4771.05263158
 4685.0877193  4771.05263158 4599.12280702 4771.05263158 4857.01754386
 4685.0877193  3180.70175439 4599.12280702 4513.15789474 4470.1754386
 4427.19298246 4427.19298246 4470.1754386  4427.19298246 4427.19298246
 4427.19298246 4427.19298246 4427.19298246 4427.19298246 4427.19298246
 4427.19298246 3266.66666667 3309.64912281 3309.64912281 3266.66666667
 3266.66666667 3180.70175439 3223.68421053 3266.66666667 3309.64912281
 3266.66666667 3309.64912281 3266.66666667]"	4212.2807017543855	601.7543859649122	1685.364727608495	968.0100733823041	"[3051.75438596 2879.8245614  2621.92982456 2836.84210526 2664.9122807
 2750.87719298 2664.9122807  2793.85964912 2621.92982456 2535.96491228
 2707.89473684 4212.28070175 2750.87719298  601.75438596  644.73684211
  687.71929825  687.71929825  601.75438596  644.73684211  644.73684211
  644.73684211  644.73684211  601.75438596  601.75438596  601.75438596
  601.75438596 1719.29824561 1590.35087719 1590.35087719 1633.33333333
 1633.33333333 1633.33333333 1590.35087719 1504.38596491 1461.40350877
 1504.38596491 1418.42105263 1461.40350877]"	10	15	13	0	"[18.41269841 12.6984127  14.6031746  14.28571429 14.28571429 13.96825397
 13.96825397 14.28571429 13.01587302 13.96825397 13.01587302 42.22222222
 13.96825397 49.20634921 51.11111111 51.74603175 51.74603175 51.42857143
 51.42857143 48.88888889 51.11111111 51.11111111 50.47619048 50.15873016
 51.42857143 52.06349206 28.88888889 27.93650794 27.61904762 28.25396825
 28.57142857 29.20634921 29.20634921 27.93650794 27.3015873  30.15873016
 27.61904762 27.93650794]"	"[ 625. 1367.  999. 1731. 3196. 3569. 4700. 2095. 2464. 3941. 4316. 5081.
 2828.  485.  841. 1935. 2666. 1201. 1571. 3414. 3781. 4157. 2303. 3039.
 4537. 4922. 3974. 2497. 2866. 3235. 4351.  673. 1398. 1037. 1769. 4733.
 2131. 3606.]"	"[ 683. 1407. 1045. 1776. 3241. 3613. 4744. 2140. 2505. 3985. 4357. 5214.
 2872.  640. 1002. 2098. 2829. 1363. 1733. 3568. 3942. 4318. 2462. 3197.
 4699. 5086. 4065. 2585. 2953. 3324. 4441.  765. 1490. 1125. 1855. 4828.
 2218. 3694.]"	"[ 625 1367  999 1731 3196 3569 4700 2095 2464 3941 4316 5081 2828  485
  841 1935 2666 1201 1571 3414 3781 4157 2303 3039 4537 4922 3974 2497
 2866 3235 4351  673 1398 1037 1769 4733 2131 3606]"	"[ 683 1407 1045 1776 3241 3613 4744 2140 2505 3985 4357 5214 2872  640
 1002 2098 2829 1363 1733 3568 3942 4318 2462 3197 4699 5086 4065 2585
 2953 3324 4441  765 1490 1125 1855 4828 2218 3694]"	"['downsweep2' 'downsweep3' 'downsweep' 'downsweep' 'downsweep'
 'downsweep3' 'downsweep3' 'downsweep' 'downsweep3' 'downsweep3'
 'downsweep' 'downsweep' 'downsweep' 'flat' 'upsweep' 'upsweep' 'flat'
 'upsweep' 'flat' 'flat' 'flat' 'flat' 'flat' 'flat' 'flat' 'flat'
 'upsweep' 'upsweep' 'upsweep' 'upsweep' 'upsweep' 'upsweep' 'upsweep'
 'upsweep' 'upsweep' 'upsweep' 'upsweep' 'upsweep']"	"[ 4118  2680  2806  2970  2790  2816  2728  2925  2501  2596  2583 13034
  2816  2170  2415  2608  2608  2268  2430  2310  2415  2415  2226  2212
  2268  2296  3640  3256  3219  3382  3420  3496  3404  3080  2924  3325
  2871  2992]"
SegSyllsOutput_Junco-hyemalis-79618_F1_bout1.gzip	1765.079365079365	15	0.008498201438848921	93.96825396825396	88.25396825396825	90.41269841269839	1.3318207595811427	"[88.25396825 89.52380952 90.79365079 91.11111111 89.20634921 90.47619048
 89.84126984 90.79365079 89.84126984 90.47619048 88.88888889 91.42857143
 91.11111111 90.47619048 93.96825397]"	"[ 721 1086 1450 1819 2193 2557 2927 3295 3672 4042 4414 4788 5179 5589
 5985]"	"[ 999 1368 1736 2106 2474 2842 3210 3581 3955 4327 4694 5076 5466 5874
 6281]"	0.31746031746031744	42.98245614035088	"[ 721. 1086. 1450. 1819. 2193. 2557. 2927. 3295. 3672. 4042. 4414. 4788.
 5179. 5589. 5985.]"	"[ 999. 1368. 1736. 2106. 2474. 2842. 3210. 3581. 3955. 4327. 4694. 5076.
 5466. 5874. 6281.]"	39.047619047619044	26.03174603174603	29.206349206349206	3.845979413452508	"[27.61904762 26.03174603 26.34920635 27.61904762 26.34920635 26.98412698
 26.98412698 28.88888889 27.61904762 27.61904762 29.84126984 32.6984127
 39.04761905 35.23809524]"	47.3	1	15.0	[0, 0, 0, 0, 0, 0, 0, 0, 0, 0, 0, 0, 0, 0, 0]	1.0	[85.0191534]	85.01915339704085		7261.169590643275	3309.6491228070176	7521.929824561404	3223.684210526316	4341.228070175439	"[7521.92982456 7392.98245614 7435.96491228 7392.98245614 7521.92982456
 7350.         7350.         6963.15789474 7006.14035088 7049.12280702
 7049.12280702 7221.05263158 7092.10526316 7135.0877193  7435.96491228]"	"[3266.66666667 3223.68421053 3266.66666667 3266.66666667 3266.66666667
 3266.66666667 3266.66666667 3352.63157895 3266.66666667 3266.66666667
 3266.66666667 3309.64912281 3266.66666667 3266.66666667 3180.70175439]"	4255.263157894737	3610.5263157894738	3994.5029239766086	215.81098642350318	"[4255.26315789 4169.29824561 4169.29824561 4126.31578947 4255.26315789
 4083.33333333 4083.33333333 3610.52631579 3739.47368421 3782.45614035
 3782.45614035 3911.40350877 3825.43859649 3868.42105263 4255.26315789]"	25	44	2.933333333333333	54.285714285714285	3.1746031746031744	31.32756132756133	16.219441909323493	"[20.63492063 13.01587302 13.33333333 42.53968254 13.01587302 12.6984127
 12.06349206 13.33333333 12.06349206 11.74603175 11.42857143 10.47619048
 10.79365079 10.47619048 35.55555556  3.17460317 49.84126984 49.20634921
 49.20634921 54.28571429 49.84126984 51.42857143 51.11111111 51.42857143
 49.84126984 51.74603175 51.11111111 48.25396825 51.11111111 52.06349206
 50.47619048 28.57142857 29.20634921 28.57142857 28.25396825 28.57142857
 28.88888889 27.61904762 28.57142857 29.52380952 27.61904762 28.25396825
 27.61904762 29.84126984]"	5771.3716108452945	4241.58692185008	7521.929824561404	3223.684210526316	4341.228070175439	"[7521.92982456 7521.92982456 7435.96491228 7435.96491228 7392.98245614
 7392.98245614 7350.         7350.         7221.05263158 7135.0877193
 7092.10526316 7049.12280702 7049.12280702 7006.14035088 6963.15789474
 6791.22807018 5114.9122807  5071.92982456 5071.92982456 5071.92982456
 5028.94736842 5028.94736842 5028.94736842 5028.94736842 5028.94736842
 5028.94736842 5028.94736842 5028.94736842 5028.94736842 5028.94736842
 5028.94736842 4900.         4900.         4900.         4857.01754386
 4857.01754386 4857.01754386 4814.03508772 4814.03508772 4771.05263158
 4728.07017544 4728.07017544 4728.07017544 4728.07017544]"	"[4771.05263158 4685.0877193  4857.01754386 3180.70175439 4814.03508772
 4771.05263158 4814.03508772 4942.98245614 4857.01754386 4900.
 4857.01754386 4985.96491228 4814.03508772 4728.07017544 3352.63157895
 6576.31578947 4513.15789474 4427.19298246 4470.1754386  4384.21052632
 4427.19298246 4384.21052632 4427.19298246 4427.19298246 4427.19298246
 4427.19298246 4427.19298246 4384.21052632 4384.21052632 4427.19298246
 4427.19298246 3266.66666667 3309.64912281 3266.66666667 3266.66666667
 3266.66666667 3266.66666667 3266.66666667 3266.66666667 3266.66666667
 3223.68421053 3266.66666667 3266.66666667 3266.66666667]"	4255.263157894737	214.91228070175438	1572.767145135566	931.6215508299829	"[2750.87719298 2836.84210526 2578.94736842 4255.26315789 2578.94736842
 2621.92982456 2535.96491228 2407.01754386 2364.03508772 2235.0877193
 2235.0877193  2063.15789474 2235.0877193  2278.07017544 3610.52631579
  214.9122807   601.75438596  644.73684211  601.75438596  687.71929825
  601.75438596  644.73684211  601.75438596  601.75438596  601.75438596
  601.75438596  601.75438596  644.73684211  644.73684211  601.75438596
  601.75438596 1633.33333333 1590.35087719 1633.33333333 1590.35087719
 1590.35087719 1590.35087719 1547.36842105 1547.36842105 1504.38596491
 1504.38596491 1461.40350877 1461.40350877 1461.40350877]"	15	14	15	0	"[20.63492063 13.01587302 13.33333333 42.53968254 13.01587302 12.6984127
 12.06349206 13.33333333 12.06349206 11.74603175 11.42857143 10.47619048
 10.79365079 10.47619048 35.55555556  3.17460317 49.84126984 49.20634921
 49.20634921 54.28571429 49.84126984 51.42857143 51.11111111 51.42857143
 49.84126984 51.74603175 51.11111111 48.25396825 51.11111111 52.06349206
 50.47619048 28.57142857 29.20634921 28.57142857 28.25396825 28.57142857
 28.88888889 27.61904762 28.57142857 29.52380952 27.61904762 28.25396825
 27.61904762 29.84126984]"	"[ 855. 2354. 1614. 6147. 1248. 1982. 2723. 3090. 4958. 5760. 5349. 4214.
 4579. 3838. 3469.  839.  721. 2193. 3672. 5985. 1086. 1450. 1819. 2557.
 2927. 3295. 4042. 4414. 4788. 5179. 5589.  909. 4984. 5784. 2017. 3120.
 3864. 2387. 4237. 5373. 1281. 1647. 2755. 4600.]"	"[ 920. 2395. 1656. 6281. 1289. 2022. 2761. 3132. 4996. 5797. 5385. 4247.
 4613. 3871. 3581.  849.  878. 2348. 3827. 6156. 1243. 1612. 1980. 2719.
 3084. 3458. 4203. 4566. 4949. 5343. 5748.  999. 5076. 5874. 2106. 3210.
 3955. 2474. 4327. 5466. 1368. 1736. 2842. 4694.]"	"[ 855 2354 1614 6147 1248 1982 2723 3090 4958 5760 5349 4214 4579 3838
 3469  839  721 2193 3672 5985 1086 1450 1819 2557 2927 3295 4042 4414
 4788 5179 5589  909 4984 5784 2017 3120 3864 2387 4237 5373 1281 1647
 2755 4600]"	"[ 920 2395 1656 6281 1289 2022 2761 3132 4996 5797 5385 4247 4613 3871
 3581  849  878 2348 3827 6156 1243 1612 1980 2719 3084 3458 4203 4566
 4949 5343 5748  999 5076 5874 2106 3210 3955 2474 4327 5466 1368 1736
 2842 4694]"	"['downsweep2' 'downsweep3' 'downsweep3' 'downsweep' 'downsweep3'
 'downsweep3' 'downsweep3' 'downsweep3' 'downsweep3' 'downsweep3'
 'downsweep3' 'downsweep3' 'downsweep3' 'downsweep3' 'downsweep'
 'upsweep2' 'flat' 'flat' 'flat' 'flat' 'flat' 'flat' 'flat' 'flat' 'flat'
 'flat' 'flat' 'flat' 'flat' 'flat' 'flat' 'upsweep' 'upsweep' 'upsweep'
 'upsweep' 'upsweep' 'upsweep' 'upsweep' 'upsweep' 'upsweep' 'upsweep'
 'upsweep' 'upsweep' 'upsweep']"	"[ 4160  2706  2520 13266  2460  2440  2242  2352  2090  1924  1872  1584
  1768  1749  9408    50  2198  2325  2170  2736  2198  2430  2254  2268
  2198  2282  2254  2280  2415  2296  2226  3420  3404  3420  3293  3330
  3367  3132  3240  3255  3045  3026  2958  3196]"
SegSyllsOutput_Junco-hyemalis-79618_F1_bout6.gzip	1508.5714285714284	13	0.008617424242424242	93.65079365079364	89.84126984126983	90.9157509157509	1.1189328736882758	"[90.15873016 90.47619048 93.65079365 90.15873016 90.15873016 91.11111111
 89.84126984 90.47619048 90.15873016 90.15873016 91.42857143 91.74603175
 92.38095238]"	[ 563  930 1291 1667 2034 2401 2779 3145 3514 3890 4261 4640 5024]	[ 847 1215 1586 1951 2318 2688 3062 3430 3798 4174 4549 4929 5315]	0.31746031746031744	42.98245614035088	"[ 563.  930. 1291. 1667. 2034. 2401. 2779. 3145. 3514. 3890. 4261. 4640.
 5024.]"	"[ 847. 1215. 1586. 1951. 2318. 2688. 3062. 3430. 3798. 4174. 4549. 4929.
 5315.]"	30.158730158730158	24.126984126984127	27.222222222222225	1.7447194333728153	"[26.34920635 24.12698413 25.71428571 26.34920635 26.34920635 28.88888889
 26.34920635 26.66666667 29.20634921 27.61904762 28.88888889 30.15873016]"	47.3	1	13.0	[0, 0, 0, 0, 0, 0, 0, 0, 0, 0, 0, 0, 0]	1.0	[87.00127731]	87.00127730830033		7426.045883940621	3306.3427800269897	7521.929824561404	3266.6666666666665	4298.245614035088	"[7521.92982456 7392.98245614 7478.94736842 7392.98245614 7435.96491228
 7392.98245614 7350.         7478.94736842 7350.         7392.98245614
 7392.98245614 7521.92982456 7435.96491228]"	"[3223.68421053 3223.68421053 3266.66666667 3309.64912281 3266.66666667
 3266.66666667 3223.68421053 3266.66666667 3309.64912281 3309.64912281
 3266.66666667 3223.68421053 3266.66666667]"	4298.245614035088	4040.3508771929824	4162.685560053982	78.17246025091868	"[4298.24561404 4169.29824561 4212.28070175 4083.33333333 4169.29824561
 4126.31578947 4126.31578947 4212.28070175 4040.35087719 4083.33333333
 4126.31578947 4298.24561404 4169.29824561]"	25	37	2.8461538461538463	52.698412698412696	11.746031746031745	32.372372372372375	15.90217541841094	"[41.26984127 13.65079365 13.33333333 14.28571429 11.74603175 41.58730159
 12.06349206 13.65079365 13.33333333 12.38095238 12.38095238 12.06349206
 12.38095238 50.15873016 51.11111111 52.6984127  50.47619048 49.52380952
 52.06349206 49.84126984 51.42857143 52.06349206 50.15873016 50.15873016
 51.42857143 52.38095238 27.93650794 27.93650794 27.93650794 28.57142857
 27.93650794 29.52380952 28.25396825 27.93650794 27.61904762 27.93650794
 28.57142857]"	5823.541963015648	4166.974869606448	7521.929824561404	3266.6666666666665	4298.245614035088	"[7521.92982456 7521.92982456 7478.94736842 7478.94736842 7435.96491228
 7435.96491228 7392.98245614 7392.98245614 7392.98245614 7392.98245614
 7392.98245614 7350.         7350.         5071.92982456 5071.92982456
 5071.92982456 5071.92982456 5071.92982456 5071.92982456 5071.92982456
 5071.92982456 5071.92982456 5028.94736842 5028.94736842 5028.94736842
 5028.94736842 4985.96491228 4900.         4900.         4857.01754386
 4857.01754386 4814.03508772 4814.03508772 4814.03508772 4771.05263158
 4728.07017544 4728.07017544]"	"[3223.68421053 4814.03508772 4900.         4900.         4685.0877193
 3266.66666667 4814.03508772 4685.0877193  4771.05263158 4728.07017544
 4814.03508772 4728.07017544 4814.03508772 4427.19298246 4470.1754386
 4470.1754386  4427.19298246 4427.19298246 4427.19298246 4427.19298246
 4427.19298246 4384.21052632 4427.19298246 4384.21052632 4384.21052632
 4427.19298246 3223.68421053 3266.66666667 3266.66666667 3223.68421053
 3266.66666667 3266.66666667 3309.64912281 3309.64912281 3309.64912281
 3266.66666667 3223.68421053]"	4298.245614035088	601.7543859649122	1699.5495495495495	1019.8510305519477	"[4298.24561404 2707.89473684 2578.94736842 2578.94736842 2750.87719298
 4169.29824561 2578.94736842 2707.89473684 2621.92982456 2664.9122807
 2578.94736842 2621.92982456 2535.96491228  644.73684211  601.75438596
  601.75438596  644.73684211  644.73684211  644.73684211  644.73684211
  644.73684211  687.71929825  601.75438596  644.73684211  644.73684211
  601.75438596 1762.28070175 1633.33333333 1633.33333333 1633.33333333
 1590.35087719 1547.36842105 1504.38596491 1504.38596491 1461.40350877
 1461.40350877 1504.38596491]"	12	12	13	0	"[41.26984127 13.65079365 13.33333333 14.28571429 11.74603175 41.58730159
 12.06349206 13.65079365 13.33333333 12.38095238 12.38095238 12.06349206
 12.38095238 50.15873016 51.11111111 52.6984127  50.47619048 49.52380952
 52.06349206 49.84126984 51.42857143 52.06349206 50.15873016 50.15873016
 51.42857143 52.38095238 27.93650794 27.93650794 27.93650794 28.57142857
 27.93650794 29.52380952 28.25396825 27.93650794 27.61904762 27.93650794
 28.57142857]"	"[ 717. 4805. 1460. 3304. 2198. 5184. 1094. 1827. 2566. 4053. 4429. 2942.
 3679.  563.  930. 1291. 1667. 2034. 2401. 2779. 3145. 5024. 3514. 3890.
 4261. 4640. 4841. 2600. 3342. 1125. 4461. 1493. 1862. 4086. 3711. 2230.
 2972.]"	"[ 847. 4848. 1502. 3349. 2235. 5315. 1132. 1870. 2608. 4092. 4468. 2980.
 3718.  721. 1091. 1457. 1826. 2190. 2565. 2936. 3307. 5188. 3672. 4048.
 4423. 4805. 4929. 2688. 3430. 1215. 4549. 1586. 1951. 4174. 3798. 2318.
 3062.]"	"[ 717 4805 1460 3304 2198 5184 1094 1827 2566 4053 4429 2942 3679  563
  930 1291 1667 2034 2401 2779 3145 5024 3514 3890 4261 4640 4841 2600
 3342 1125 4461 1493 1862 4086 3711 2230 2972]"	"[ 847 4848 1502 3349 2235 5315 1132 1870 2608 4092 4468 2980 3718  721
 1091 1457 1826 2190 2565 2936 3307 5188 3672 4048 4423 4805 4929 2688
 3430 1215 4549 1586 1951 4174 3798 2318 3062]"	"['downsweep' 'downsweep3' 'downsweep3' 'downsweep' 'downsweep3'
 'downsweep' 'downsweep3' 'downsweep3' 'downsweep3' 'downsweep3'
 'downsweep3' 'downsweep3' 'downsweep3' 'flat' 'upsweep' 'flat' 'flat'
 'flat' 'flat' 'flat' 'flat' 'flat' 'flat' 'flat' 'flat' 'flat' 'upsweep'
 'upsweep' 'upsweep' 'upsweep' 'upsweep' 'upsweep' 'upsweep' 'upsweep'
 'upsweep' 'upsweep' 'upsweep']"	"[13000  2709  2520  2700  2368 12707  2280  2709  2562  2418  2340  2318
  2301  2370  2254  2324  2385  2340  2460  2355  2430  2624  2212  2370
  2430  2310  3608  3344  3344  3420  3256  3348  3115  3080  2958  2992
  3150]"
SegSyllsOutput_Junco-hyemalis-79618_F1_bout7.gzip	1509.8412698412696	13	0.00861017661900757	94.28571428571428	89.2063492063492	91.55067155067155	1.3123727965951575	"[91.74603175 90.47619048 93.01587302 91.74603175 91.74603175 91.11111111
 89.20634921 90.79365079 91.42857143 90.47619048 93.01587302 91.11111111
 94.28571429]"	[ 444  808 1166 1538 1910 2280 2651 3016 3389 3763 4137 4523 4903]	[ 733 1093 1459 1827 2199 2567 2932 3302 3677 4048 4430 4810 5200]	0.31746031746031744	42.98245614035088	"[ 444.  808. 1166. 1538. 1910. 2280. 2651. 3016. 3389. 3763. 4137. 4523.
 4903.]"	"[ 733. 1093. 1459. 1827. 2199. 2567. 2932. 3302. 3677. 4048. 4430. 4810.
 5200.]"	29.523809523809522	23.174603174603174	26.640211640211636	2.0007480830633777	"[23.80952381 23.17460317 25.07936508 26.34920635 25.71428571 26.66666667
 26.66666667 27.61904762 27.3015873  28.25396825 29.52380952 29.52380952]"	47.3	1	13.0	[0, 0, 0, 0, 0, 0, 0, 0, 0, 0, 0, 0, 0]	1.0	[87.26340102]	87.26340102167144		7465.721997300944	3273.2793522267198	7564.912280701754	3137.719298245614	4470.175438596491	"[7564.9122807  7392.98245614 7478.94736842 7392.98245614 7521.92982456
 7478.94736842 7392.98245614 7435.96491228 7435.96491228 7521.92982456
 7435.96491228 7435.96491228 7564.9122807 ]"	"[3094.73684211 3223.68421053 3223.68421053 3223.68421053 3266.66666667
 3223.68421053 3223.68421053 3266.66666667 3223.68421053 3223.68421053
 3223.68421053 3309.64912281 3266.66666667]"	4470.175438596491	4126.315789473684	4235.425101214574	88.81085356404877	"[4470.1754386  4169.29824561 4255.26315789 4169.29824561 4255.26315789
 4255.26315789 4169.29824561 4169.29824561 4212.28070175 4298.24561404
 4212.28070175 4126.31578947 4298.24561404]"	25	37	2.8461538461538463	54.6031746031746	4.1269841269841265	34.13127413127414	16.400515644983784	"[17.14285714 46.66666667 15.23809524 39.04761905 14.6031746  41.26984127
 40.31746032 15.23809524 14.28571429 16.50793651 15.23809524 15.87301587
 14.28571429  4.12698413  7.3015873  50.47619048 53.33333333 52.06349206
 52.6984127  53.65079365 52.38095238 51.74603175 52.6984127  52.06349206
 53.33333333 50.79365079 54.6031746  52.6984127  29.52380952 29.84126984
 29.52380952 29.20634921 28.57142857 28.57142857 29.84126984 28.88888889
 29.20634921]"	5933.902323376008	4233.191085822666	7564.912280701754	3137.719298245614	4470.175438596491	"[7564.9122807  7564.9122807  7521.92982456 7521.92982456 7478.94736842
 7478.94736842 7435.96491228 7435.96491228 7435.96491228 7435.96491228
 7392.98245614 7392.98245614 7392.98245614 6748.24561404 6748.24561404
 5114.9122807  5114.9122807  5114.9122807  5071.92982456 5071.92982456
 5071.92982456 5071.92982456 5071.92982456 5071.92982456 5071.92982456
 5071.92982456 5071.92982456 5028.94736842 4857.01754386 4814.03508772
 4814.03508772 4771.05263158 4771.05263158 4771.05263158 4728.07017544
 4728.07017544 4728.07017544]"	"[4642.10526316 3266.66666667 4728.07017544 3223.68421053 4857.01754386
 3223.68421053 3266.66666667 4728.07017544 4900.         4814.03508772
 4642.10526316 4685.0877193  4685.0877193  6447.36842105 6404.38596491
 4470.1754386  4298.24561404 4427.19298246 4470.1754386  4470.1754386
 4427.19298246 4427.19298246 4427.19298246 4427.19298246 4427.19298246
 4427.19298246 4384.21052632 4427.19298246 3309.64912281 3223.68421053
 3223.68421053 3223.68421053 3266.66666667 3223.68421053 3094.73684211
 3223.68421053 3223.68421053]"	4298.245614035088	300.8771929824561	1743.693693693694	1219.6696609522241	"[2922.80701754 4298.24561404 2793.85964912 4298.24561404 2621.92982456
 4255.26315789 4169.29824561 2707.89473684 2535.96491228 2621.92982456
 2750.87719298 2707.89473684 2707.89473684  300.87719298  343.85964912
  644.73684211  816.66666667  687.71929825  601.75438596  601.75438596
  644.73684211  644.73684211  644.73684211  644.73684211  644.73684211
  644.73684211  687.71929825  601.75438596 1547.36842105 1590.35087719
 1590.35087719 1547.36842105 1504.38596491 1547.36842105 1633.33333333
 1504.38596491 1504.38596491]"	13	11	13	0	"[17.14285714 46.66666667 15.23809524 39.04761905 14.6031746  41.26984127
 40.31746032 15.23809524 14.28571429 16.50793651 15.23809524 15.87301587
 14.28571429  4.12698413  7.3015873  50.47619048 53.33333333 52.06349206
 52.6984127  53.65079365 52.38095238 51.74603175 52.6984127  52.06349206
 53.33333333 50.79365079 54.6031746  52.6984127  29.52380952 29.84126984
 29.52380952 29.20634921 28.57142857 28.57142857 29.84126984 28.88888889
 29.20634921]"	"[ 595. 5053. 2071. 3925. 1332. 2437. 3175. 3548. 4302. 4677.  964. 1696.
 2807.  563. 5022.  444. 1166. 2651.  808. 1538. 1910. 3016. 3389. 3763.
 4137. 4523. 4903. 2280. 4717. 3583. 4337. 1735. 2109. 2842.  639. 1002.
 1367.]"	"[ 649. 5200. 2119. 4048. 1378. 2567. 3302. 3596. 4347. 4729. 1012. 1746.
 2852.  576. 5045.  603. 1334. 2815.  974. 1707. 2075. 3179. 3555. 3927.
 4305. 4683. 5075. 2446. 4810. 3677. 4430. 1827. 2199. 2932.  733. 1093.
 1459.]"	"[ 595 5053 2071 3925 1332 2437 3175 3548 4302 4677  964 1696 2807  563
 5022  444 1166 2651  808 1538 1910 3016 3389 3763 4137 4523 4903 2280
 4717 3583 4337 1735 2109 2842  639 1002 1367]"	"[ 649 5200 2119 4048 1378 2567 3302 3596 4347 4729 1012 1746 2852  576
 5045  603 1334 2815  974 1707 2075 3179 3555 3927 4305 4683 5075 2446
 4810 3677 4430 1827 2199 2932  733 1093 1459]"	"['downsweep' 'downsweep' 'downsweep3' 'downsweep' 'downsweep3' 'downsweep'
 'downsweep' 'downsweep' 'downsweep' 'downsweep' 'downsweep' 'downsweep'
 'downsweep' 'upsweep' 'flat' 'flat' 'upsweep' 'flat' 'flat' 'flat' 'flat'
 'flat' 'flat' 'flat' 'flat' 'flat' 'flat' 'flat' 'upsweep' 'upsweep'
 'upsweep' 'upsweep' 'upsweep' 'upsweep' 'upsweep' 'upsweep' 'upsweep']"	"[ 3672 14700  3120 12300  2806 12870 12319  3024  2655  3172  3072  3150
  2835    91   184  2385  3192  2624  2324  2366  2475  2445  2490  2460
  2520  2400  2752  2324  3348  3478  3441  3312  3150  3240  3572  3185
  3220]"
